1538
-1.000000,1.000000,-1.000000
-1.000000,-1.000000,-1.000000
-1.000000,1.000000,1.000000
-1.000000,-0.875000,-0.875000
-1.000000,-0.750000,-0.750000
-1.000000,-0.625000,-0.625000
-1.000000,-0.500000,-0.500000
-1.000000,-0.375000,-0.375000
-1.000000,-0.250000,-0.250000
-1.000000,-0.125000,-0.125000
-1.000000,0.000000,0.000000
-1.000000,0.125000,0.125000
-1.000000,0.250000,0.250000
-1.000000,0.375000,0.375000
-1.000000,0.500000,0.500000
-1.000000,0.625000,0.625000
-1.000000,0.750000,0.750000
-1.000000,0.875000,0.875000
-1.000000,1.000000,0.875000
-1.000000,1.000000,0.750000
-1.000000,1.000000,0.625000
-1.000000,1.000000,0.500000
-1.000000,1.000000,0.375000
-1.000000,1.000000,0.250000
-1.000000,1.000000,0.125000
-1.000000,1.000000,0.000000
-1.000000,1.000000,-0.125000
-1.000000,1.000000,-0.250000
-1.000000,1.000000,-0.375000
-1.000000,1.000000,-0.500000
-1.000000,1.000000,-0.625000
-1.000000,1.000000,-0.750000
-1.000000,1.000000,-0.875000
-1.000000,0.875000,-1.000000
-1.000000,0.750000,-1.000000
-1.000000,0.625000,-1.000000
-1.000000,0.500000,-1.000000
-1.000000,0.375000,-1.000000
-1.000000,0.250000,-1.000000
-1.000000,0.125000,-1.000000
-1.000000,0.000000,-1.000000
-1.000000,-0.125000,-1.000000
-1.000000,-0.250000,-1.000000
-1.000000,-0.375000,-1.000000
-1.000000,-0.500000,-1.000000
-1.000000,-0.625000,-1.000000
-1.000000,-0.750000,-1.000000
-1.000000,-0.875000,-1.000000
-1.000000,-1.000000,1.000000
-1.000000,-1.000000,0.875000
-1.000000,-1.000000,0.750000
-1.000000,-1.000000,0.625000
-1.000000,-1.000000,0.500000
-1.000000,-1.000000,0.375000
-1.000000,-1.000000,0.250000
-1.000000,-1.000000,0.125000
-1.000000,-1.000000,0.000000
-1.000000,-1.000000,-0.125000
-1.000000,-1.000000,-0.250000
-1.000000,-1.000000,-0.375000
-1.000000,-1.000000,-0.500000
-1.000000,-1.000000,-0.625000
-1.000000,-1.000000,-0.750000
-1.000000,-1.000000,-0.875000
-1.000000,0.875000,1.000000
-1.000000,0.750000,1.000000
-1.000000,0.625000,1.000000
-1.000000,0.500000,1.000000
-1.000000,0.375000,1.000000
-1.000000,0.250000,1.000000
-1.000000,0.125000,1.000000
-1.000000,0.000000,1.000000
-1.000000,-0.125000,1.000000
-1.000000,-0.250000,1.000000
-1.000000,-0.375000,1.000000
-1.000000,-0.500000,1.000000
-1.000000,-0.625000,1.000000
-1.000000,-0.750000,1.000000
-1.000000,-0.875000,1.000000
1.000000,-1.000000,-1.000000
1.000000,1.000000,-1.000000
1.000000,1.000000,1.000000
1.000000,1.000000,-0.875000
1.000000,1.000000,-0.750000
1.000000,1.000000,-0.625000
1.000000,1.000000,-0.500000
1.000000,1.000000,-0.375000
1.000000,1.000000,-0.250000
1.000000,1.000000,-0.125000
1.000000,1.000000,0.000000
1.000000,1.000000,0.125000
1.000000,1.000000,0.250000
1.000000,1.000000,0.375000
1.000000,1.000000,0.500000
1.000000,1.000000,0.625000
1.000000,1.000000,0.750000
1.000000,1.000000,0.875000
1.000000,0.875000,0.875000
1.000000,0.750000,0.750000
1.000000,0.625000,0.625000
1.000000,0.500000,0.500000
1.000000,0.375000,0.375000
1.000000,0.250000,0.250000
1.000000,0.125000,0.125000
1.000000,0.000000,0.000000
1.000000,-0.125000,-0.125000
1.000000,-0.250000,-0.250000
1.000000,-0.375000,-0.375000
1.000000,-0.500000,-0.500000
1.000000,-0.625000,-0.625000
1.000000,-0.750000,-0.750000
1.000000,-0.875000,-0.875000
1.000000,-0.875000,-1.000000
1.000000,-0.750000,-1.000000
1.000000,-0.625000,-1.000000
1.000000,-0.500000,-1.000000
1.000000,-0.375000,-1.000000
1.000000,-0.250000,-1.000000
1.000000,-0.125000,-1.000000
1.000000,0.000000,-1.000000
1.000000,0.125000,-1.000000
1.000000,0.250000,-1.000000
1.000000,0.375000,-1.000000
1.000000,0.500000,-1.000000
1.000000,0.625000,-1.000000
1.000000,0.750000,-1.000000
1.000000,0.875000,-1.000000
1.000000,-1.000000,1.000000
1.000000,-0.875000,1.000000
1.000000,-0.750000,1.000000
1.000000,-0.625000,1.000000
1.000000,-0.500000,1.000000
1.000000,-0.375000,1.000000
1.000000,-0.250000,1.000000
1.000000,-0.125000,1.000000
1.000000,0.000000,1.000000
1.000000,0.125000,1.000000
1.000000,0.250000,1.000000
1.000000,0.375000,1.000000
1.000000,0.500000,1.000000
1.000000,0.625000,1.000000
1.000000,0.750000,1.000000
1.000000,0.875000,1.000000
1.000000,-1.000000,-0.875000
1.000000,-1.000000,-0.750000
1.000000,-1.000000,-0.625000
1.000000,-1.000000,-0.500000
1.000000,-1.000000,-0.375000
1.000000,-1.000000,-0.250000
1.000000,-1.000000,-0.125000
1.000000,-1.000000,0.000000
1.000000,-1.000000,0.125000
1.000000,-1.000000,0.250000
1.000000,-1.000000,0.375000
1.000000,-1.000000,0.500000
1.000000,-1.000000,0.625000
1.000000,-1.000000,0.750000
1.000000,-1.000000,0.875000
-0.875000,-1.000000,1.000000
-0.750000,-1.000000,1.000000
-0.625000,-1.000000,1.000000
-0.500000,-1.000000,1.000000
-0.375000,-1.000000,1.000000
-0.250000,-1.000000,1.000000
-0.125000,-1.000000,1.000000
0.000000,-1.000000,1.000000
0.125000,-1.000000,1.000000
0.250000,-1.000000,1.000000
0.375000,-1.000000,1.000000
0.500000,-1.000000,1.000000
0.625000,-1.000000,1.000000
0.750000,-1.000000,1.000000
0.875000,-1.000000,1.000000
0.875000,-0.875000,1.000000
0.750000,-0.750000,1.000000
0.625000,-0.625000,1.000000
0.500000,-0.500000,1.000000
0.375000,-0.375000,1.000000
0.250000,-0.250000,1.000000
0.125000,-0.125000,1.000000
0.000000,0.000000,1.000000
-0.125000,0.125000,1.000000
-0.250000,0.250000,1.000000
-0.375000,0.375000,1.000000
-0.500000,0.500000,1.000000
-0.625000,0.625000,1.000000
-0.750000,0.750000,1.000000
-0.875000,0.875000,1.000000
-0.875000,1.000000,1.000000
-0.750000,1.000000,1.000000
-0.625000,1.000000,1.000000
-0.500000,1.000000,1.000000
-0.375000,1.000000,1.000000
-0.250000,1.000000,1.000000
-0.125000,1.000000,1.000000
0.000000,1.000000,1.000000
0.125000,1.000000,1.000000
0.250000,1.000000,1.000000
0.375000,1.000000,1.000000
0.500000,1.000000,1.000000
0.625000,1.000000,1.000000
0.750000,1.000000,1.000000
0.875000,1.000000,1.000000
-0.875000,0.875000,-1.000000
-0.750000,0.750000,-1.000000
-0.625000,0.625000,-1.000000
-0.500000,0.500000,-1.000000
-0.375000,0.375000,-1.000000
-0.250000,0.250000,-1.000000
-0.125000,0.125000,-1.000000
0.000000,0.000000,-1.000000
0.125000,-0.125000,-1.000000
0.250000,-0.250000,-1.000000
0.375000,-0.375000,-1.000000
0.500000,-0.500000,-1.000000
0.625000,-0.625000,-1.000000
0.750000,-0.750000,-1.000000
0.875000,-0.875000,-1.000000
0.875000,-1.000000,-1.000000
0.750000,-1.000000,-1.000000
0.625000,-1.000000,-1.000000
0.500000,-1.000000,-1.000000
0.375000,-1.000000,-1.000000
0.250000,-1.000000,-1.000000
0.125000,-1.000000,-1.000000
0.000000,-1.000000,-1.000000
-0.125000,-1.000000,-1.000000
-0.250000,-1.000000,-1.000000
-0.375000,-1.000000,-1.000000
-0.500000,-1.000000,-1.000000
-0.625000,-1.000000,-1.000000
-0.750000,-1.000000,-1.000000
-0.875000,-1.000000,-1.000000
0.875000,1.000000,-1.000000
0.750000,1.000000,-1.000000
0.625000,1.000000,-1.000000
0.500000,1.000000,-1.000000
0.375000,1.000000,-1.000000
0.250000,1.000000,-1.000000
0.125000,1.000000,-1.000000
0.000000,1.000000,-1.000000
-0.125000,1.000000,-1.000000
-0.250000,1.000000,-1.000000
-0.375000,1.000000,-1.000000
-0.500000,1.000000,-1.000000
-0.625000,1.000000,-1.000000
-0.750000,1.000000,-1.000000
-0.875000,1.000000,-1.000000
-0.875000,-1.000000,-0.875000
-0.750000,-1.000000,-0.750000
-0.625000,-1.000000,-0.625000
-0.500000,-1.000000,-0.500000
-0.375000,-1.000000,-0.375000
-0.250000,-1.000000,-0.250000
-0.125000,-1.000000,-0.125000
0.000000,-1.000000,0.000000
0.125000,-1.000000,0.125000
0.250000,-1.000000,0.250000
0.375000,-1.000000,0.375000
0.500000,-1.000000,0.500000
0.625000,-1.000000,0.625000
0.750000,-1.000000,0.750000
0.875000,-1.000000,0.875000
-0.875000,1.000000,-0.875000
-0.750000,1.000000,-0.750000
-0.625000,1.000000,-0.625000
-0.500000,1.000000,-0.500000
-0.375000,1.000000,-0.375000
-0.250000,1.000000,-0.250000
-0.125000,1.000000,-0.125000
0.000000,1.000000,0.000000
0.125000,1.000000,0.125000
0.250000,1.000000,0.250000
0.375000,1.000000,0.375000
0.500000,1.000000,0.500000
0.625000,1.000000,0.625000
0.750000,1.000000,0.750000
0.875000,1.000000,0.875000
-1.000000,0.875000,-0.875000
-1.000000,0.750000,-0.875000
-1.000000,0.625000,-0.875000
-1.000000,0.500000,-0.875000
-1.000000,0.375000,-0.875000
-1.000000,0.250000,-0.875000
-1.000000,0.125000,-0.875000
-1.000000,0.000000,-0.875000
-1.000000,-0.125000,-0.875000
-1.000000,-0.250000,-0.875000
-1.000000,-0.375000,-0.875000
-1.000000,-0.500000,-0.875000
-1.000000,-0.625000,-0.875000
-1.000000,-0.750000,-0.875000
-1.000000,0.875000,-0.750000
-1.000000,0.750000,-0.750000
-1.000000,0.625000,-0.750000
-1.000000,0.500000,-0.750000
-1.000000,0.375000,-0.750000
-1.000000,0.250000,-0.750000
-1.000000,0.125000,-0.750000
-1.000000,0.000000,-0.750000
-1.000000,-0.125000,-0.750000
-1.000000,-0.250000,-0.750000
-1.000000,-0.375000,-0.750000
-1.000000,-0.500000,-0.750000
-1.000000,-0.625000,-0.750000
-1.000000,0.875000,-0.625000
-1.000000,0.750000,-0.625000
-1.000000,0.625000,-0.625000
-1.000000,0.500000,-0.625000
-1.000000,0.375000,-0.625000
-1.000000,0.250000,-0.625000
-1.000000,0.125000,-0.625000
-1.000000,0.000000,-0.625000
-1.000000,-0.125000,-0.625000
-1.000000,-0.250000,-0.625000
-1.000000,-0.375000,-0.625000
-1.000000,-0.500000,-0.625000
-1.000000,0.875000,-0.500000
-1.000000,0.750000,-0.500000
-1.000000,0.625000,-0.500000
-1.000000,0.500000,-0.500000
-1.000000,0.375000,-0.500000
-1.000000,0.250000,-0.500000
-1.000000,0.125000,-0.500000
-1.000000,0.000000,-0.500000
-1.000000,-0.125000,-0.500000
-1.000000,-0.250000,-0.500000
-1.000000,-0.375000,-0.500000
-1.000000,0.875000,-0.375000
-1.000000,0.750000,-0.375000
-1.000000,0.625000,-0.375000
-1.000000,0.500000,-0.375000
-1.000000,0.375000,-0.375000
-1.000000,0.250000,-0.375000
-1.000000,0.125000,-0.375000
-1.000000,0.000000,-0.375000
-1.000000,-0.125000,-0.375000
-1.000000,-0.250000,-0.375000
-1.000000,0.875000,-0.250000
-1.000000,0.750000,-0.250000
-1.000000,0.625000,-0.250000
-1.000000,0.500000,-0.250000
-1.000000,0.375000,-0.250000
-1.000000,0.250000,-0.250000
-1.000000,0.125000,-0.250000
-1.000000,0.000000,-0.250000
-1.000000,-0.125000,-0.250000
-1.000000,0.875000,-0.125000
-1.000000,0.750000,-0.125000
-1.000000,0.625000,-0.125000
-1.000000,0.500000,-0.125000
-1.000000,0.375000,-0.125000
-1.000000,0.250000,-0.125000
-1.000000,0.125000,-0.125000
-1.000000,0.000000,-0.125000
-1.000000,0.875000,0.000000
-1.000000,0.750000,0.000000
-1.000000,0.625000,0.000000
-1.000000,0.500000,0.000000
-1.000000,0.375000,0.000000
-1.000000,0.250000,0.000000
-1.000000,0.125000,0.000000
-1.000000,0.875000,0.125000
-1.000000,0.750000,0.125000
-1.000000,0.625000,0.125000
-1.000000,0.500000,0.125000
-1.000000,0.375000,0.125000
-1.000000,0.250000,0.125000
-1.000000,0.875000,0.250000
-1.000000,0.750000,0.250000
-1.000000,0.625000,0.250000
-1.000000,0.500000,0.250000
-1.000000,0.375000,0.250000
-1.000000,0.875000,0.375000
-1.000000,0.750000,0.375000
-1.000000,0.625000,0.375000
-1.000000,0.500000,0.375000
-1.000000,0.875000,0.500000
-1.000000,0.750000,0.500000
-1.000000,0.625000,0.500000
-1.000000,0.875000,0.625000
-1.000000,0.750000,0.625000
-1.000000,0.875000,0.750000
-1.000000,0.750000,0.875000
-1.000000,0.625000,0.750000
-1.000000,0.500000,0.625000
-1.000000,0.375000,0.500000
-1.000000,0.250000,0.375000
-1.000000,0.125000,0.250000
-1.000000,0.000000,0.125000
-1.000000,-0.125000,0.000000
-1.000000,-0.250000,-0.125000
-1.000000,-0.375000,-0.250000
-1.000000,-0.500000,-0.375000
-1.000000,-0.625000,-0.500000
-1.000000,-0.750000,-0.625000
-1.000000,-0.875000,-0.750000
-1.000000,0.625000,0.875000
-1.000000,0.500000,0.750000
-1.000000,0.375000,0.625000
-1.000000,0.250000,0.500000
-1.000000,0.125000,0.375000
-1.000000,0.000000,0.250000
-1.000000,-0.125000,0.125000
-1.000000,-0.250000,0.000000
-1.000000,-0.375000,-0.125000
-1.000000,-0.500000,-0.250000
-1.000000,-0.625000,-0.375000
-1.000000,-0.750000,-0.500000
-1.000000,-0.875000,-0.625000
-1.000000,0.500000,0.875000
-1.000000,0.375000,0.750000
-1.000000,0.250000,0.625000
-1.000000,0.125000,0.500000
-1.000000,0.000000,0.375000
-1.000000,-0.125000,0.250000
-1.000000,-0.250000,0.125000
-1.000000,-0.375000,0.000000
-1.000000,-0.500000,-0.125000
-1.000000,-0.625000,-0.250000
-1.000000,-0.750000,-0.375000
-1.000000,-0.875000,-0.500000
-1.000000,0.375000,0.875000
-1.000000,0.250000,0.750000
-1.000000,0.125000,0.625000
-1.000000,0.000000,0.500000
-1.000000,-0.125000,0.375000
-1.000000,-0.250000,0.250000
-1.000000,-0.375000,0.125000
-1.000000,-0.500000,0.000000
-1.000000,-0.625000,-0.125000
-1.000000,-0.750000,-0.250000
-1.000000,-0.875000,-0.375000
-1.000000,0.250000,0.875000
-1.000000,0.125000,0.750000
-1.000000,0.000000,0.625000
-1.000000,-0.125000,0.500000
-1.000000,-0.250000,0.375000
-1.000000,-0.375000,0.250000
-1.000000,-0.500000,0.125000
-1.000000,-0.625000,0.000000
-1.000000,-0.750000,-0.125000
-1.000000,-0.875000,-0.250000
-1.000000,0.125000,0.875000
-1.000000,0.000000,0.750000
-1.000000,-0.125000,0.625000
-1.000000,-0.250000,0.500000
-1.000000,-0.375000,0.375000
-1.000000,-0.500000,0.250000
-1.000000,-0.625000,0.125000
-1.000000,-0.750000,0.000000
-1.000000,-0.875000,-0.125000
-1.000000,0.000000,0.875000
-1.000000,-0.125000,0.750000
-1.000000,-0.250000,0.625000
-1.000000,-0.375000,0.500000
-1.000000,-0.500000,0.375000
-1.000000,-0.625000,0.250000
-1.000000,-0.750000,0.125000
-1.000000,-0.875000,0.000000
-1.000000,-0.125000,0.875000
-1.000000,-0.250000,0.750000
-1.000000,-0.375000,0.625000
-1.000000,-0.500000,0.500000
-1.000000,-0.625000,0.375000
-1.000000,-0.750000,0.250000
-1.000000,-0.875000,0.125000
-1.000000,-0.250000,0.875000
-1.000000,-0.375000,0.750000
-1.000000,-0.500000,0.625000
-1.000000,-0.625000,0.500000
-1.000000,-0.750000,0.375000
-1.000000,-0.875000,0.250000
-1.000000,-0.375000,0.875000
-1.000000,-0.500000,0.750000
-1.000000,-0.625000,0.625000
-1.000000,-0.750000,0.500000
-1.000000,-0.875000,0.375000
-1.000000,-0.500000,0.875000
-1.000000,-0.625000,0.750000
-1.000000,-0.750000,0.625000
-1.000000,-0.875000,0.500000
-1.000000,-0.625000,0.875000
-1.000000,-0.750000,0.750000
-1.000000,-0.875000,0.625000
-1.000000,-0.750000,0.875000
-1.000000,-0.875000,0.750000
-1.000000,-0.875000,0.875000
1.000000,-0.750000,-0.875000
1.000000,-0.625000,-0.875000
1.000000,-0.500000,-0.875000
1.000000,-0.375000,-0.875000
1.000000,-0.250000,-0.875000
1.000000,-0.125000,-0.875000
1.000000,0.000000,-0.875000
1.000000,0.125000,-0.875000
1.000000,0.250000,-0.875000
1.000000,0.375000,-0.875000
1.000000,0.500000,-0.875000
1.000000,0.625000,-0.875000
1.000000,0.750000,-0.875000
1.000000,0.875000,-0.875000
1.000000,-0.625000,-0.750000
1.000000,-0.500000,-0.750000
1.000000,-0.375000,-0.750000
1.000000,-0.250000,-0.750000
1.000000,-0.125000,-0.750000
1.000000,0.000000,-0.750000
1.000000,0.125000,-0.750000
1.000000,0.250000,-0.750000
1.000000,0.375000,-0.750000
1.000000,0.500000,-0.750000
1.000000,0.625000,-0.750000
1.000000,0.750000,-0.750000
1.000000,0.875000,-0.750000
1.000000,-0.500000,-0.625000
1.000000,-0.375000,-0.625000
1.000000,-0.250000,-0.625000
1.000000,-0.125000,-0.625000
1.000000,0.000000,-0.625000
1.000000,0.125000,-0.625000
1.000000,0.250000,-0.625000
1.000000,0.375000,-0.625000
1.000000,0.500000,-0.625000
1.000000,0.625000,-0.625000
1.000000,0.750000,-0.625000
1.000000,0.875000,-0.625000
1.000000,-0.375000,-0.500000
1.000000,-0.250000,-0.500000
1.000000,-0.125000,-0.500000
1.000000,0.000000,-0.500000
1.000000,0.125000,-0.500000
1.000000,0.250000,-0.500000
1.000000,0.375000,-0.500000
1.000000,0.500000,-0.500000
1.000000,0.625000,-0.500000
1.000000,0.750000,-0.500000
1.000000,0.875000,-0.500000
1.000000,-0.250000,-0.375000
1.000000,-0.125000,-0.375000
1.000000,0.000000,-0.375000
1.000000,0.125000,-0.375000
1.000000,0.250000,-0.375000
1.000000,0.375000,-0.375000
1.000000,0.500000,-0.375000
1.000000,0.625000,-0.375000
1.000000,0.750000,-0.375000
1.000000,0.875000,-0.375000
1.000000,-0.125000,-0.250000
1.000000,0.000000,-0.250000
1.000000,0.125000,-0.250000
1.000000,0.250000,-0.250000
1.000000,0.375000,-0.250000
1.000000,0.500000,-0.250000
1.000000,0.625000,-0.250000
1.000000,0.750000,-0.250000
1.000000,0.875000,-0.250000
1.000000,0.000000,-0.125000
1.000000,0.125000,-0.125000
1.000000,0.250000,-0.125000
1.000000,0.375000,-0.125000
1.000000,0.500000,-0.125000
1.000000,0.625000,-0.125000
1.000000,0.750000,-0.125000
1.000000,0.875000,-0.125000
1.000000,0.125000,0.000000
1.000000,0.250000,0.000000
1.000000,0.375000,0.000000
1.000000,0.500000,0.000000
1.000000,0.625000,0.000000
1.000000,0.750000,0.000000
1.000000,0.875000,0.000000
1.000000,0.250000,0.125000
1.000000,0.375000,0.125000
1.000000,0.500000,0.125000
1.000000,0.625000,0.125000
1.000000,0.750000,0.125000
1.000000,0.875000,0.125000
1.000000,0.375000,0.250000
1.000000,0.500000,0.250000
1.000000,0.625000,0.250000
1.000000,0.750000,0.250000
1.000000,0.875000,0.250000
1.000000,0.500000,0.375000
1.000000,0.625000,0.375000
1.000000,0.750000,0.375000
1.000000,0.875000,0.375000
1.000000,0.625000,0.500000
1.000000,0.750000,0.500000
1.000000,0.875000,0.500000
1.000000,0.750000,0.625000
1.000000,0.875000,0.625000
1.000000,0.875000,0.750000
1.000000,-0.875000,-0.750000
1.000000,-0.750000,-0.625000
1.000000,-0.625000,-0.500000
1.000000,-0.500000,-0.375000
1.000000,-0.375000,-0.250000
1.000000,-0.250000,-0.125000
1.000000,-0.125000,0.000000
1.000000,0.000000,0.125000
1.000000,0.125000,0.250000
1.000000,0.250000,0.375000
1.000000,0.375000,0.500000
1.000000,0.500000,0.625000
1.000000,0.625000,0.750000
1.000000,0.750000,0.875000
1.000000,-0.875000,-0.625000
1.000000,-0.750000,-0.500000
1.000000,-0.625000,-0.375000
1.000000,-0.500000,-0.250000
1.000000,-0.375000,-0.125000
1.000000,-0.250000,0.000000
1.000000,-0.125000,0.125000
1.000000,0.000000,0.250000
1.000000,0.125000,0.375000
1.000000,0.250000,0.500000
1.000000,0.375000,0.625000
1.000000,0.500000,0.750000
1.000000,0.625000,0.875000
1.000000,-0.875000,-0.500000
1.000000,-0.750000,-0.375000
1.000000,-0.625000,-0.250000
1.000000,-0.500000,-0.125000
1.000000,-0.375000,0.000000
1.000000,-0.250000,0.125000
1.000000,-0.125000,0.250000
1.000000,0.000000,0.375000
1.000000,0.125000,0.500000
1.000000,0.250000,0.625000
1.000000,0.375000,0.750000
1.000000,0.500000,0.875000
1.000000,-0.875000,-0.375000
1.000000,-0.750000,-0.250000
1.000000,-0.625000,-0.125000
1.000000,-0.500000,0.000000
1.000000,-0.375000,0.125000
1.000000,-0.250000,0.250000
1.000000,-0.125000,0.375000
1.000000,0.000000,0.500000
1.000000,0.125000,0.625000
1.000000,0.250000,0.750000
1.000000,0.375000,0.875000
1.000000,-0.875000,-0.250000
1.000000,-0.750000,-0.125000
1.000000,-0.625000,0.000000
1.000000,-0.500000,0.125000
1.000000,-0.375000,0.250000
1.000000,-0.250000,0.375000
1.000000,-0.125000,0.500000
1.000000,0.000000,0.625000
1.000000,0.125000,0.750000
1.000000,0.250000,0.875000
1.000000,-0.875000,-0.125000
1.000000,-0.750000,0.000000
1.000000,-0.625000,0.125000
1.000000,-0.500000,0.250000
1.000000,-0.375000,0.375000
1.000000,-0.250000,0.500000
1.000000,-0.125000,0.625000
1.000000,0.000000,0.750000
1.000000,0.125000,0.875000
1.000000,-0.875000,0.000000
1.000000,-0.750000,0.125000
1.000000,-0.625000,0.250000
1.000000,-0.500000,0.375000
1.000000,-0.375000,0.500000
1.000000,-0.250000,0.625000
1.000000,-0.125000,0.750000
1.000000,0.000000,0.875000
1.000000,-0.875000,0.125000
1.000000,-0.750000,0.250000
1.000000,-0.625000,0.375000
1.000000,-0.500000,0.500000
1.000000,-0.375000,0.625000
1.000000,-0.250000,0.750000
1.000000,-0.125000,0.875000
1.000000,-0.875000,0.250000
1.000000,-0.750000,0.375000
1.000000,-0.625000,0.500000
1.000000,-0.500000,0.625000
1.000000,-0.375000,0.750000
1.000000,-0.250000,0.875000
1.000000,-0.875000,0.375000
1.000000,-0.750000,0.500000
1.000000,-0.625000,0.625000
1.000000,-0.500000,0.750000
1.000000,-0.375000,0.875000
1.000000,-0.875000,0.500000
1.000000,-0.750000,0.625000
1.000000,-0.625000,0.750000
1.000000,-0.500000,0.875000
1.000000,-0.875000,0.625000
1.000000,-0.750000,0.750000
1.000000,-0.625000,0.875000
1.000000,-0.875000,0.750000
1.000000,-0.750000,0.875000
1.000000,-0.875000,0.875000
-0.875000,0.750000,1.000000
-0.875000,0.625000,1.000000
-0.875000,0.500000,1.000000
-0.875000,0.375000,1.000000
-0.875000,0.250000,1.000000
-0.875000,0.125000,1.000000
-0.875000,0.000000,1.000000
-0.875000,-0.125000,1.000000
-0.875000,-0.250000,1.000000
-0.875000,-0.375000,1.000000
-0.875000,-0.500000,1.000000
-0.875000,-0.625000,1.000000
-0.875000,-0.750000,1.000000
-0.875000,-0.875000,1.000000
-0.750000,0.625000,1.000000
-0.750000,0.500000,1.000000
-0.750000,0.375000,1.000000
-0.750000,0.250000,1.000000
-0.750000,0.125000,1.000000
-0.750000,0.000000,1.000000
-0.750000,-0.125000,1.000000
-0.750000,-0.250000,1.000000
-0.750000,-0.375000,1.000000
-0.750000,-0.500000,1.000000
-0.750000,-0.625000,1.000000
-0.750000,-0.750000,1.000000
-0.750000,-0.875000,1.000000
-0.625000,0.500000,1.000000
-0.625000,0.375000,1.000000
-0.625000,0.250000,1.000000
-0.625000,0.125000,1.000000
-0.625000,0.000000,1.000000
-0.625000,-0.125000,1.000000
-0.625000,-0.250000,1.000000
-0.625000,-0.375000,1.000000
-0.625000,-0.500000,1.000000
-0.625000,-0.625000,1.000000
-0.625000,-0.750000,1.000000
-0.625000,-0.875000,1.000000
-0.500000,0.375000,1.000000
-0.500000,0.250000,1.000000
-0.500000,0.125000,1.000000
-0.500000,0.000000,1.000000
-0.500000,-0.125000,1.000000
-0.500000,-0.250000,1.000000
-0.500000,-0.375000,1.000000
-0.500000,-0.500000,1.000000
-0.500000,-0.625000,1.000000
-0.500000,-0.750000,1.000000
-0.500000,-0.875000,1.000000
-0.375000,0.250000,1.000000
-0.375000,0.125000,1.000000
-0.375000,0.000000,1.000000
-0.375000,-0.125000,1.000000
-0.375000,-0.250000,1.000000
-0.375000,-0.375000,1.000000
-0.375000,-0.500000,1.000000
-0.375000,-0.625000,1.000000
-0.375000,-0.750000,1.000000
-0.375000,-0.875000,1.000000
-0.250000,0.125000,1.000000
-0.250000,0.000000,1.000000
-0.250000,-0.125000,1.000000
-0.250000,-0.250000,1.000000
-0.250000,-0.375000,1.000000
-0.250000,-0.500000,1.000000
-0.250000,-0.625000,1.000000
-0.250000,-0.750000,1.000000
-0.250000,-0.875000,1.000000
-0.125000,0.000000,1.000000
-0.125000,-0.125000,1.000000
-0.125000,-0.250000,1.000000
-0.125000,-0.375000,1.000000
-0.125000,-0.500000,1.000000
-0.125000,-0.625000,1.000000
-0.125000,-0.750000,1.000000
-0.125000,-0.875000,1.000000
0.000000,-0.125000,1.000000
0.000000,-0.250000,1.000000
0.000000,-0.375000,1.000000
0.000000,-0.500000,1.000000
0.000000,-0.625000,1.000000
0.000000,-0.750000,1.000000
0.000000,-0.875000,1.000000
0.125000,-0.250000,1.000000
0.125000,-0.375000,1.000000
0.125000,-0.500000,1.000000
0.125000,-0.625000,1.000000
0.125000,-0.750000,1.000000
0.125000,-0.875000,1.000000
0.250000,-0.375000,1.000000
0.250000,-0.500000,1.000000
0.250000,-0.625000,1.000000
0.250000,-0.750000,1.000000
0.250000,-0.875000,1.000000
0.375000,-0.500000,1.000000
0.375000,-0.625000,1.000000
0.375000,-0.750000,1.000000
0.375000,-0.875000,1.000000
0.500000,-0.625000,1.000000
0.500000,-0.750000,1.000000
0.500000,-0.875000,1.000000
0.625000,-0.750000,1.000000
0.625000,-0.875000,1.000000
0.750000,-0.875000,1.000000
-0.750000,0.875000,1.000000
-0.625000,0.750000,1.000000
-0.500000,0.625000,1.000000
-0.375000,0.500000,1.000000
-0.250000,0.375000,1.000000
-0.125000,0.250000,1.000000
0.000000,0.125000,1.000000
0.125000,0.000000,1.000000
0.250000,-0.125000,1.000000
0.375000,-0.250000,1.000000
0.500000,-0.375000,1.000000
0.625000,-0.500000,1.000000
0.750000,-0.625000,1.000000
0.875000,-0.750000,1.000000
-0.625000,0.875000,1.000000
-0.500000,0.750000,1.000000
-0.375000,0.625000,1.000000
-0.250000,0.500000,1.000000
-0.125000,0.375000,1.000000
0.000000,0.250000,1.000000
0.125000,0.125000,1.000000
0.250000,0.000000,1.000000
0.375000,-0.125000,1.000000
0.500000,-0.250000,1.000000
0.625000,-0.375000,1.000000
0.750000,-0.500000,1.000000
0.875000,-0.625000,1.000000
-0.500000,0.875000,1.000000
-0.375000,0.750000,1.000000
-0.250000,0.625000,1.000000
-0.125000,0.500000,1.000000
0.000000,0.375000,1.000000
0.125000,0.250000,1.000000
0.250000,0.125000,1.000000
0.375000,0.000000,1.000000
0.500000,-0.125000,1.000000
0.625000,-0.250000,1.000000
0.750000,-0.375000,1.000000
0.875000,-0.500000,1.000000
-0.375000,0.875000,1.000000
-0.250000,0.750000,1.000000
-0.125000,0.625000,1.000000
0.000000,0.500000,1.000000
0.125000,0.375000,1.000000
0.250000,0.250000,1.000000
0.375000,0.125000,1.000000
0.500000,0.000000,1.000000
0.625000,-0.125000,1.000000
0.750000,-0.250000,1.000000
0.875000,-0.375000,1.000000
-0.250000,0.875000,1.000000
-0.125000,0.750000,1.000000
0.000000,0.625000,1.000000
0.125000,0.500000,1.000000
0.250000,0.375000,1.000000
0.375000,0.250000,1.000000
0.500000,0.125000,1.000000
0.625000,0.000000,1.000000
0.750000,-0.125000,1.000000
0.875000,-0.250000,1.000000
-0.125000,0.875000,1.000000
0.000000,0.750000,1.000000
0.125000,0.625000,1.000000
0.250000,0.500000,1.000000
0.375000,0.375000,1.000000
0.500000,0.250000,1.000000
0.625000,0.125000,1.000000
0.750000,0.000000,1.000000
0.875000,-0.125000,1.000000
0.000000,0.875000,1.000000
0.125000,0.750000,1.000000
0.250000,0.625000,1.000000
0.375000,0.500000,1.000000
0.500000,0.375000,1.000000
0.625000,0.250000,1.000000
0.750000,0.125000,1.000000
0.875000,0.000000,1.000000
0.125000,0.875000,1.000000
0.250000,0.750000,1.000000
0.375000,0.625000,1.000000
0.500000,0.500000,1.000000
0.625000,0.375000,1.000000
0.750000,0.250000,1.000000
0.875000,0.125000,1.000000
0.250000,0.875000,1.000000
0.375000,0.750000,1.000000
0.500000,0.625000,1.000000
0.625000,0.500000,1.000000
0.750000,0.375000,1.000000
0.875000,0.250000,1.000000
0.375000,0.875000,1.000000
0.500000,0.750000,1.000000
0.625000,0.625000,1.000000
0.750000,0.500000,1.000000
0.875000,0.375000,1.000000
0.500000,0.875000,1.000000
0.625000,0.750000,1.000000
0.750000,0.625000,1.000000
0.875000,0.500000,1.000000
0.625000,0.875000,1.000000
0.750000,0.750000,1.000000
0.875000,0.625000,1.000000
0.750000,0.875000,1.000000
0.875000,0.750000,1.000000
0.875000,0.875000,1.000000
0.750000,-0.875000,-1.000000
0.625000,-0.875000,-1.000000
0.500000,-0.875000,-1.000000
0.375000,-0.875000,-1.000000
0.250000,-0.875000,-1.000000
0.125000,-0.875000,-1.000000
0.000000,-0.875000,-1.000000
-0.125000,-0.875000,-1.000000
-0.250000,-0.875000,-1.000000
-0.375000,-0.875000,-1.000000
-0.500000,-0.875000,-1.000000
-0.625000,-0.875000,-1.000000
-0.750000,-0.875000,-1.000000
-0.875000,-0.875000,-1.000000
0.625000,-0.750000,-1.000000
0.500000,-0.750000,-1.000000
0.375000,-0.750000,-1.000000
0.250000,-0.750000,-1.000000
0.125000,-0.750000,-1.000000
0.000000,-0.750000,-1.000000
-0.125000,-0.750000,-1.000000
-0.250000,-0.750000,-1.000000
-0.375000,-0.750000,-1.000000
-0.500000,-0.750000,-1.000000
-0.625000,-0.750000,-1.000000
-0.750000,-0.750000,-1.000000
-0.875000,-0.750000,-1.000000
0.500000,-0.625000,-1.000000
0.375000,-0.625000,-1.000000
0.250000,-0.625000,-1.000000
0.125000,-0.625000,-1.000000
0.000000,-0.625000,-1.000000
-0.125000,-0.625000,-1.000000
-0.250000,-0.625000,-1.000000
-0.375000,-0.625000,-1.000000
-0.500000,-0.625000,-1.000000
-0.625000,-0.625000,-1.000000
-0.750000,-0.625000,-1.000000
-0.875000,-0.625000,-1.000000
0.375000,-0.500000,-1.000000
0.250000,-0.500000,-1.000000
0.125000,-0.500000,-1.000000
0.000000,-0.500000,-1.000000
-0.125000,-0.500000,-1.000000
-0.250000,-0.500000,-1.000000
-0.375000,-0.500000,-1.000000
-0.500000,-0.500000,-1.000000
-0.625000,-0.500000,-1.000000
-0.750000,-0.500000,-1.000000
-0.875000,-0.500000,-1.000000
0.250000,-0.375000,-1.000000
0.125000,-0.375000,-1.000000
0.000000,-0.375000,-1.000000
-0.125000,-0.375000,-1.000000
-0.250000,-0.375000,-1.000000
-0.375000,-0.375000,-1.000000
-0.500000,-0.375000,-1.000000
-0.625000,-0.375000,-1.000000
-0.750000,-0.375000,-1.000000
-0.875000,-0.375000,-1.000000
0.125000,-0.250000,-1.000000
0.000000,-0.250000,-1.000000
-0.125000,-0.250000,-1.000000
-0.250000,-0.250000,-1.000000
-0.375000,-0.250000,-1.000000
-0.500000,-0.250000,-1.000000
-0.625000,-0.250000,-1.000000
-0.750000,-0.250000,-1.000000
-0.875000,-0.250000,-1.000000
0.000000,-0.125000,-1.000000
-0.125000,-0.125000,-1.000000
-0.250000,-0.125000,-1.000000
-0.375000,-0.125000,-1.000000
-0.500000,-0.125000,-1.000000
-0.625000,-0.125000,-1.000000
-0.750000,-0.125000,-1.000000
-0.875000,-0.125000,-1.000000
-0.125000,0.000000,-1.000000
-0.250000,0.000000,-1.000000
-0.375000,0.000000,-1.000000
-0.500000,0.000000,-1.000000
-0.625000,0.000000,-1.000000
-0.750000,0.000000,-1.000000
-0.875000,0.000000,-1.000000
-0.250000,0.125000,-1.000000
-0.375000,0.125000,-1.000000
-0.500000,0.125000,-1.000000
-0.625000,0.125000,-1.000000
-0.750000,0.125000,-1.000000
-0.875000,0.125000,-1.000000
-0.375000,0.250000,-1.000000
-0.500000,0.250000,-1.000000
-0.625000,0.250000,-1.000000
-0.750000,0.250000,-1.000000
-0.875000,0.250000,-1.000000
-0.500000,0.375000,-1.000000
-0.625000,0.375000,-1.000000
-0.750000,0.375000,-1.000000
-0.875000,0.375000,-1.000000
-0.625000,0.500000,-1.000000
-0.750000,0.500000,-1.000000
-0.875000,0.500000,-1.000000
-0.750000,0.625000,-1.000000
-0.875000,0.625000,-1.000000
-0.875000,0.750000,-1.000000
0.875000,-0.750000,-1.000000
0.750000,-0.625000,-1.000000
0.625000,-0.500000,-1.000000
0.500000,-0.375000,-1.000000
0.375000,-0.250000,-1.000000
0.250000,-0.125000,-1.000000
0.125000,0.000000,-1.000000
0.000000,0.125000,-1.000000
-0.125000,0.250000,-1.000000
-0.250000,0.375000,-1.000000
-0.375000,0.500000,-1.000000
-0.500000,0.625000,-1.000000
-0.625000,0.750000,-1.000000
-0.750000,0.875000,-1.000000
0.875000,-0.625000,-1.000000
0.750000,-0.500000,-1.000000
0.625000,-0.375000,-1.000000
0.500000,-0.250000,-1.000000
0.375000,-0.125000,-1.000000
0.250000,0.000000,-1.000000
0.125000,0.125000,-1.000000
0.000000,0.250000,-1.000000
-0.125000,0.375000,-1.000000
-0.250000,0.500000,-1.000000
-0.375000,0.625000,-1.000000
-0.500000,0.750000,-1.000000
-0.625000,0.875000,-1.000000
0.875000,-0.500000,-1.000000
0.750000,-0.375000,-1.000000
0.625000,-0.250000,-1.000000
0.500000,-0.125000,-1.000000
0.375000,0.000000,-1.000000
0.250000,0.125000,-1.000000
0.125000,0.250000,-1.000000
0.000000,0.375000,-1.000000
-0.125000,0.500000,-1.000000
-0.250000,0.625000,-1.000000
-0.375000,0.750000,-1.000000
-0.500000,0.875000,-1.000000
0.875000,-0.375000,-1.000000
0.750000,-0.250000,-1.000000
0.625000,-0.125000,-1.000000
0.500000,0.000000,-1.000000
0.375000,0.125000,-1.000000
0.250000,0.250000,-1.000000
0.125000,0.375000,-1.000000
0.000000,0.500000,-1.000000
-0.125000,0.625000,-1.000000
-0.250000,0.750000,-1.000000
-0.375000,0.875000,-1.000000
0.875000,-0.250000,-1.000000
0.750000,-0.125000,-1.000000
0.625000,0.000000,-1.000000
0.500000,0.125000,-1.000000
0.375000,0.250000,-1.000000
0.250000,0.375000,-1.000000
0.125000,0.500000,-1.000000
0.000000,0.625000,-1.000000
-0.125000,0.750000,-1.000000
-0.250000,0.875000,-1.000000
0.875000,-0.125000,-1.000000
0.750000,0.000000,-1.000000
0.625000,0.125000,-1.000000
0.500000,0.250000,-1.000000
0.375000,0.375000,-1.000000
0.250000,0.500000,-1.000000
0.125000,0.625000,-1.000000
0.000000,0.750000,-1.000000
-0.125000,0.875000,-1.000000
0.875000,0.000000,-1.000000
0.750000,0.125000,-1.000000
0.625000,0.250000,-1.000000
0.500000,0.375000,-1.000000
0.375000,0.500000,-1.000000
0.250000,0.625000,-1.000000
0.125000,0.750000,-1.000000
0.000000,0.875000,-1.000000
0.875000,0.125000,-1.000000
0.750000,0.250000,-1.000000
0.625000,0.375000,-1.000000
0.500000,0.500000,-1.000000
0.375000,0.625000,-1.000000
0.250000,0.750000,-1.000000
0.125000,0.875000,-1.000000
0.875000,0.250000,-1.000000
0.750000,0.375000,-1.000000
0.625000,0.500000,-1.000000
0.500000,0.625000,-1.000000
0.375000,0.750000,-1.000000
0.250000,0.875000,-1.000000
0.875000,0.375000,-1.000000
0.750000,0.500000,-1.000000
0.625000,0.625000,-1.000000
0.500000,0.750000,-1.000000
0.375000,0.875000,-1.000000
0.875000,0.500000,-1.000000
0.750000,0.625000,-1.000000
0.625000,0.750000,-1.000000
0.500000,0.875000,-1.000000
0.875000,0.625000,-1.000000
0.750000,0.750000,-1.000000
0.625000,0.875000,-1.000000
0.875000,0.750000,-1.000000
0.750000,0.875000,-1.000000
0.875000,0.875000,-1.000000
-0.875000,-1.000000,-0.750000
-0.750000,-1.000000,-0.625000
-0.625000,-1.000000,-0.500000
-0.500000,-1.000000,-0.375000
-0.375000,-1.000000,-0.250000
-0.250000,-1.000000,-0.125000
-0.125000,-1.000000,0.000000
0.000000,-1.000000,0.125000
0.125000,-1.000000,0.250000
0.250000,-1.000000,0.375000
0.375000,-1.000000,0.500000
0.500000,-1.000000,0.625000
0.625000,-1.000000,0.750000
0.750000,-1.000000,0.875000
-0.875000,-1.000000,-0.625000
-0.750000,-1.000000,-0.500000
-0.625000,-1.000000,-0.375000
-0.500000,-1.000000,-0.250000
-0.375000,-1.000000,-0.125000
-0.250000,-1.000000,0.000000
-0.125000,-1.000000,0.125000
0.000000,-1.000000,0.250000
0.125000,-1.000000,0.375000
0.250000,-1.000000,0.500000
0.375000,-1.000000,0.625000
0.500000,-1.000000,0.750000
0.625000,-1.000000,0.875000
-0.875000,-1.000000,-0.500000
-0.750000,-1.000000,-0.375000
-0.625000,-1.000000,-0.250000
-0.500000,-1.000000,-0.125000
-0.375000,-1.000000,0.000000
-0.250000,-1.000000,0.125000
-0.125000,-1.000000,0.250000
0.000000,-1.000000,0.375000
0.125000,-1.000000,0.500000
0.250000,-1.000000,0.625000
0.375000,-1.000000,0.750000
0.500000,-1.000000,0.875000
-0.875000,-1.000000,-0.375000
-0.750000,-1.000000,-0.250000
-0.625000,-1.000000,-0.125000
-0.500000,-1.000000,0.000000
-0.375000,-1.000000,0.125000
-0.250000,-1.000000,0.250000
-0.125000,-1.000000,0.375000
0.000000,-1.000000,0.500000
0.125000,-1.000000,0.625000
0.250000,-1.000000,0.750000
0.375000,-1.000000,0.875000
-0.875000,-1.000000,-0.250000
-0.750000,-1.000000,-0.125000
-0.625000,-1.000000,0.000000
-0.500000,-1.000000,0.125000
-0.375000,-1.000000,0.250000
-0.250000,-1.000000,0.375000
-0.125000,-1.000000,0.500000
0.000000,-1.000000,0.625000
0.125000,-1.000000,0.750000
0.250000,-1.000000,0.875000
-0.875000,-1.000000,-0.125000
-0.750000,-1.000000,0.000000
-0.625000,-1.000000,0.125000
-0.500000,-1.000000,0.250000
-0.375000,-1.000000,0.375000
-0.250000,-1.000000,0.500000
-0.125000,-1.000000,0.625000
0.000000,-1.000000,0.750000
0.125000,-1.000000,0.875000
-0.875000,-1.000000,0.000000
-0.750000,-1.000000,0.125000
-0.625000,-1.000000,0.250000
-0.500000,-1.000000,0.375000
-0.375000,-1.000000,0.500000
-0.250000,-1.000000,0.625000
-0.125000,-1.000000,0.750000
0.000000,-1.000000,0.875000
-0.875000,-1.000000,0.125000
-0.750000,-1.000000,0.250000
-0.625000,-1.000000,0.375000
-0.500000,-1.000000,0.500000
-0.375000,-1.000000,0.625000
-0.250000,-1.000000,0.750000
-0.125000,-1.000000,0.875000
-0.875000,-1.000000,0.250000
-0.750000,-1.000000,0.375000
-0.625000,-1.000000,0.500000
-0.500000,-1.000000,0.625000
-0.375000,-1.000000,0.750000
-0.250000,-1.000000,0.875000
-0.875000,-1.000000,0.375000
-0.750000,-1.000000,0.500000
-0.625000,-1.000000,0.625000
-0.500000,-1.000000,0.750000
-0.375000,-1.000000,0.875000
-0.875000,-1.000000,0.500000
-0.750000,-1.000000,0.625000
-0.625000,-1.000000,0.750000
-0.500000,-1.000000,0.875000
-0.875000,-1.000000,0.625000
-0.750000,-1.000000,0.750000
-0.625000,-1.000000,0.875000
-0.875000,-1.000000,0.750000
-0.750000,-1.000000,0.875000
-0.875000,-1.000000,0.875000
0.875000,-1.000000,-0.875000
0.875000,-1.000000,-0.750000
0.875000,-1.000000,-0.625000
0.875000,-1.000000,-0.500000
0.875000,-1.000000,-0.375000
0.875000,-1.000000,-0.250000
0.875000,-1.000000,-0.125000
0.875000,-1.000000,0.000000
0.875000,-1.000000,0.125000
0.875000,-1.000000,0.250000
0.875000,-1.000000,0.375000
0.875000,-1.000000,0.500000
0.875000,-1.000000,0.625000
0.875000,-1.000000,0.750000
0.750000,-1.000000,-0.875000
0.750000,-1.000000,-0.750000
0.750000,-1.000000,-0.625000
0.750000,-1.000000,-0.500000
0.750000,-1.000000,-0.375000
0.750000,-1.000000,-0.250000
0.750000,-1.000000,-0.125000
0.750000,-1.000000,0.000000
0.750000,-1.000000,0.125000
0.750000,-1.000000,0.250000
0.750000,-1.000000,0.375000
0.750000,-1.000000,0.500000
0.750000,-1.000000,0.625000
0.625000,-1.000000,-0.875000
0.625000,-1.000000,-0.750000
0.625000,-1.000000,-0.625000
0.625000,-1.000000,-0.500000
0.625000,-1.000000,-0.375000
0.625000,-1.000000,-0.250000
0.625000,-1.000000,-0.125000
0.625000,-1.000000,0.000000
0.625000,-1.000000,0.125000
0.625000,-1.000000,0.250000
0.625000,-1.000000,0.375000
0.625000,-1.000000,0.500000
0.500000,-1.000000,-0.875000
0.500000,-1.000000,-0.750000
0.500000,-1.000000,-0.625000
0.500000,-1.000000,-0.500000
0.500000,-1.000000,-0.375000
0.500000,-1.000000,-0.250000
0.500000,-1.000000,-0.125000
0.500000,-1.000000,0.000000
0.500000,-1.000000,0.125000
0.500000,-1.000000,0.250000
0.500000,-1.000000,0.375000
0.375000,-1.000000,-0.875000
0.375000,-1.000000,-0.750000
0.375000,-1.000000,-0.625000
0.375000,-1.000000,-0.500000
0.375000,-1.000000,-0.375000
0.375000,-1.000000,-0.250000
0.375000,-1.000000,-0.125000
0.375000,-1.000000,0.000000
0.375000,-1.000000,0.125000
0.375000,-1.000000,0.250000
0.250000,-1.000000,-0.875000
0.250000,-1.000000,-0.750000
0.250000,-1.000000,-0.625000
0.250000,-1.000000,-0.500000
0.250000,-1.000000,-0.375000
0.250000,-1.000000,-0.250000
0.250000,-1.000000,-0.125000
0.250000,-1.000000,0.000000
0.250000,-1.000000,0.125000
0.125000,-1.000000,-0.875000
0.125000,-1.000000,-0.750000
0.125000,-1.000000,-0.625000
0.125000,-1.000000,-0.500000
0.125000,-1.000000,-0.375000
0.125000,-1.000000,-0.250000
0.125000,-1.000000,-0.125000
0.125000,-1.000000,0.000000
0.000000,-1.000000,-0.875000
0.000000,-1.000000,-0.750000
0.000000,-1.000000,-0.625000
0.000000,-1.000000,-0.500000
0.000000,-1.000000,-0.375000
0.000000,-1.000000,-0.250000
0.000000,-1.000000,-0.125000
-0.125000,-1.000000,-0.875000
-0.125000,-1.000000,-0.750000
-0.125000,-1.000000,-0.625000
-0.125000,-1.000000,-0.500000
-0.125000,-1.000000,-0.375000
-0.125000,-1.000000,-0.250000
-0.250000,-1.000000,-0.875000
-0.250000,-1.000000,-0.750000
-0.250000,-1.000000,-0.625000
-0.250000,-1.000000,-0.500000
-0.250000,-1.000000,-0.375000
-0.375000,-1.000000,-0.875000
-0.375000,-1.000000,-0.750000
-0.375000,-1.000000,-0.625000
-0.375000,-1.000000,-0.500000
-0.500000,-1.000000,-0.875000
-0.500000,-1.000000,-0.750000
-0.500000,-1.000000,-0.625000
-0.625000,-1.000000,-0.875000
-0.625000,-1.000000,-0.750000
-0.750000,-1.000000,-0.875000
-0.875000,1.000000,-0.750000
-0.875000,1.000000,-0.625000
-0.875000,1.000000,-0.500000
-0.875000,1.000000,-0.375000
-0.875000,1.000000,-0.250000
-0.875000,1.000000,-0.125000
-0.875000,1.000000,0.000000
-0.875000,1.000000,0.125000
-0.875000,1.000000,0.250000
-0.875000,1.000000,0.375000
-0.875000,1.000000,0.500000
-0.875000,1.000000,0.625000
-0.875000,1.000000,0.750000
-0.875000,1.000000,0.875000
-0.750000,1.000000,-0.625000
-0.750000,1.000000,-0.500000
-0.750000,1.000000,-0.375000
-0.750000,1.000000,-0.250000
-0.750000,1.000000,-0.125000
-0.750000,1.000000,0.000000
-0.750000,1.000000,0.125000
-0.750000,1.000000,0.250000
-0.750000,1.000000,0.375000
-0.750000,1.000000,0.500000
-0.750000,1.000000,0.625000
-0.750000,1.000000,0.750000
-0.750000,1.000000,0.875000
-0.625000,1.000000,-0.500000
-0.625000,1.000000,-0.375000
-0.625000,1.000000,-0.250000
-0.625000,1.000000,-0.125000
-0.625000,1.000000,0.000000
-0.625000,1.000000,0.125000
-0.625000,1.000000,0.250000
-0.625000,1.000000,0.375000
-0.625000,1.000000,0.500000
-0.625000,1.000000,0.625000
-0.625000,1.000000,0.750000
-0.625000,1.000000,0.875000
-0.500000,1.000000,-0.375000
-0.500000,1.000000,-0.250000
-0.500000,1.000000,-0.125000
-0.500000,1.000000,0.000000
-0.500000,1.000000,0.125000
-0.500000,1.000000,0.250000
-0.500000,1.000000,0.375000
-0.500000,1.000000,0.500000
-0.500000,1.000000,0.625000
-0.500000,1.000000,0.750000
-0.500000,1.000000,0.875000
-0.375000,1.000000,-0.250000
-0.375000,1.000000,-0.125000
-0.375000,1.000000,0.000000
-0.375000,1.000000,0.125000
-0.375000,1.000000,0.250000
-0.375000,1.000000,0.375000
-0.375000,1.000000,0.500000
-0.375000,1.000000,0.625000
-0.375000,1.000000,0.750000
-0.375000,1.000000,0.875000
-0.250000,1.000000,-0.125000
-0.250000,1.000000,0.000000
-0.250000,1.000000,0.125000
-0.250000,1.000000,0.250000
-0.250000,1.000000,0.375000
-0.250000,1.000000,0.500000
-0.250000,1.000000,0.625000
-0.250000,1.000000,0.750000
-0.250000,1.000000,0.875000
-0.125000,1.000000,0.000000
-0.125000,1.000000,0.125000
-0.125000,1.000000,0.250000
-0.125000,1.000000,0.375000
-0.125000,1.000000,0.500000
-0.125000,1.000000,0.625000
-0.125000,1.000000,0.750000
-0.125000,1.000000,0.875000
0.000000,1.000000,0.125000
0.000000,1.000000,0.250000
0.000000,1.000000,0.375000
0.000000,1.000000,0.500000
0.000000,1.000000,0.625000
0.000000,1.000000,0.750000
0.000000,1.000000,0.875000
0.125000,1.000000,0.250000
0.125000,1.000000,0.375000
0.125000,1.000000,0.500000
0.125000,1.000000,0.625000
0.125000,1.000000,0.750000
0.125000,1.000000,0.875000
0.250000,1.000000,0.375000
0.250000,1.000000,0.500000
0.250000,1.000000,0.625000
0.250000,1.000000,0.750000
0.250000,1.000000,0.875000
0.375000,1.000000,0.500000
0.375000,1.000000,0.625000
0.375000,1.000000,0.750000
0.375000,1.000000,0.875000
0.500000,1.000000,0.625000
0.500000,1.000000,0.750000
0.500000,1.000000,0.875000
0.625000,1.000000,0.750000
0.625000,1.000000,0.875000
0.750000,1.000000,0.875000
-0.750000,1.000000,-0.875000
-0.625000,1.000000,-0.750000
-0.500000,1.000000,-0.625000
-0.375000,1.000000,-0.500000
-0.250000,1.000000,-0.375000
-0.125000,1.000000,-0.250000
0.000000,1.000000,-0.125000
0.125000,1.000000,0.000000
0.250000,1.000000,0.125000
0.375000,1.000000,0.250000
0.500000,1.000000,0.375000
0.625000,1.000000,0.500000
0.750000,1.000000,0.625000
0.875000,1.000000,0.750000
-0.625000,1.000000,-0.875000
-0.500000,1.000000,-0.750000
-0.375000,1.000000,-0.625000
-0.250000,1.000000,-0.500000
-0.125000,1.000000,-0.375000
0.000000,1.000000,-0.250000
0.125000,1.000000,-0.125000
0.250000,1.000000,0.000000
0.375000,1.000000,0.125000
0.500000,1.000000,0.250000
0.625000,1.000000,0.375000
0.750000,1.000000,0.500000
0.875000,1.000000,0.625000
-0.500000,1.000000,-0.875000
-0.375000,1.000000,-0.750000
-0.250000,1.000000,-0.625000
-0.125000,1.000000,-0.500000
0.000000,1.000000,-0.375000
0.125000,1.000000,-0.250000
0.250000,1.000000,-0.125000
0.375000,1.000000,0.000000
0.500000,1.000000,0.125000
0.625000,1.000000,0.250000
0.750000,1.000000,0.375000
0.875000,1.000000,0.500000
-0.375000,1.000000,-0.875000
-0.250000,1.000000,-0.750000
-0.125000,1.000000,-0.625000
0.000000,1.000000,-0.500000
0.125000,1.000000,-0.375000
0.250000,1.000000,-0.250000
0.375000,1.000000,-0.125000
0.500000,1.000000,0.000000
0.625000,1.000000,0.125000
0.750000,1.000000,0.250000
0.875000,1.000000,0.375000
-0.250000,1.000000,-0.875000
-0.125000,1.000000,-0.750000
0.000000,1.000000,-0.625000
0.125000,1.000000,-0.500000
0.250000,1.000000,-0.375000
0.375000,1.000000,-0.250000
0.500000,1.000000,-0.125000
0.625000,1.000000,0.000000
0.750000,1.000000,0.125000
0.875000,1.000000,0.250000
-0.125000,1.000000,-0.875000
0.000000,1.000000,-0.750000
0.125000,1.000000,-0.625000
0.250000,1.000000,-0.500000
0.375000,1.000000,-0.375000
0.500000,1.000000,-0.250000
0.625000,1.000000,-0.125000
0.750000,1.000000,0.000000
0.875000,1.000000,0.125000
0.000000,1.000000,-0.875000
0.125000,1.000000,-0.750000
0.250000,1.000000,-0.625000
0.375000,1.000000,-0.500000
0.500000,1.000000,-0.375000
0.625000,1.000000,-0.250000
0.750000,1.000000,-0.125000
0.875000,1.000000,0.000000
0.125000,1.000000,-0.875000
0.250000,1.000000,-0.750000
0.375000,1.000000,-0.625000
0.500000,1.000000,-0.500000
0.625000,1.000000,-0.375000
0.750000,1.000000,-0.250000
0.875000,1.000000,-0.125000
0.250000,1.000000,-0.875000
0.375000,1.000000,-0.750000
0.500000,1.000000,-0.625000
0.625000,1.000000,-0.500000
0.750000,1.000000,-0.375000
0.875000,1.000000,-0.250000
0.375000,1.000000,-0.875000
0.500000,1.000000,-0.750000
0.625000,1.000000,-0.625000
0.750000,1.000000,-0.500000
0.875000,1.000000,-0.375000
0.500000,1.000000,-0.875000
0.625000,1.000000,-0.750000
0.750000,1.000000,-0.625000
0.875000,1.000000,-0.500000
0.625000,1.000000,-0.875000
0.750000,1.000000,-0.750000
0.875000,1.000000,-0.625000
0.750000,1.000000,-0.875000
0.875000,1.000000,-0.750000
0.875000,1.000000,-0.875000
3072
0,33,32
278,32,33
33,34,278
279,278,34
34,35,279
280,279,35
35,36,280
281,280,36
36,37,281
282,281,37
37,38,282
283,282,38
38,39,283
284,283,39
39,40,284
285,284,40
40,41,285
286,285,41
41,42,286
287,286,42
42,43,287
288,287,43
43,44,288
289,288,44
44,45,289
290,289,45
45,46,290
291,290,46
46,47,291
3,291,47
47,1,3
32,278,31
292,31,278
278,279,292
293,292,279
279,280,293
294,293,280
280,281,294
295,294,281
281,282,295
296,295,282
282,283,296
297,296,283
283,284,297
298,297,284
284,285,298
299,298,285
285,286,299
300,299,286
286,287,300
301,300,287
287,288,301
302,301,288
288,289,302
303,302,289
289,290,303
304,303,290
290,291,304
4,304,291
291,3,4
31,292,30
305,30,292
292,293,305
306,305,293
293,294,306
307,306,294
294,295,307
308,307,295
295,296,308
309,308,296
296,297,309
310,309,297
297,298,310
311,310,298
298,299,311
312,311,299
299,300,312
313,312,300
300,301,313
314,313,301
301,302,314
315,314,302
302,303,315
316,315,303
303,304,316
5,316,304
304,4,5
30,305,29
317,29,305
305,306,317
318,317,306
306,307,318
319,318,307
307,308,319
320,319,308
308,309,320
321,320,309
309,310,321
322,321,310
310,311,322
323,322,311
311,312,323
324,323,312
312,313,324
325,324,313
313,314,325
326,325,314
314,315,326
327,326,315
315,316,327
6,327,316
316,5,6
29,317,28
328,28,317
317,318,328
329,328,318
318,319,329
330,329,319
319,320,330
331,330,320
320,321,331
332,331,321
321,322,332
333,332,322
322,323,333
334,333,323
323,324,334
335,334,324
324,325,335
336,335,325
325,326,336
337,336,326
326,327,337
7,337,327
327,6,7
28,328,27
338,27,328
328,329,338
339,338,329
329,330,339
340,339,330
330,331,340
341,340,331
331,332,341
342,341,332
332,333,342
343,342,333
333,334,343
344,343,334
334,335,344
345,344,335
335,336,345
346,345,336
336,337,346
8,346,337
337,7,8
27,338,26
347,26,338
338,339,347
348,347,339
339,340,348
349,348,340
340,341,349
350,349,341
341,342,350
351,350,342
342,343,351
352,351,343
343,344,352
353,352,344
344,345,353
354,353,345
345,346,354
9,354,346
346,8,9
26,347,25
355,25,347
347,348,355
356,355,348
348,349,356
357,356,349
349,350,357
358,357,350
350,351,358
359,358,351
351,352,359
360,359,352
352,353,360
361,360,353
353,354,361
10,361,354
354,9,10
25,355,24
362,24,355
355,356,362
363,362,356
356,357,363
364,363,357
357,358,364
365,364,358
358,359,365
366,365,359
359,360,366
367,366,360
360,361,367
11,367,361
361,10,11
24,362,23
368,23,362
362,363,368
369,368,363
363,364,369
370,369,364
364,365,370
371,370,365
365,366,371
372,371,366
366,367,372
12,372,367
367,11,12
23,368,22
373,22,368
368,369,373
374,373,369
369,370,374
375,374,370
370,371,375
376,375,371
371,372,376
13,376,372
372,12,13
22,373,21
377,21,373
373,374,377
378,377,374
374,375,378
379,378,375
375,376,379
14,379,376
376,13,14
21,377,20
380,20,377
377,378,380
381,380,378
378,379,381
15,381,379
379,14,15
20,380,19
382,19,380
380,381,382
16,382,381
381,15,16
19,382,18
17,18,382
382,16,17
18,17,2
2,17,64
383,64,17
17,16,383
384,383,16
16,15,384
385,384,15
15,14,385
386,385,14
14,13,386
387,386,13
13,12,387
388,387,12
12,11,388
389,388,11
11,10,389
390,389,10
10,9,390
391,390,9
9,8,391
392,391,8
8,7,392
393,392,7
7,6,393
394,393,6
6,5,394
395,394,5
5,4,395
396,395,4
4,3,396
63,396,3
3,1,63
64,383,65
397,65,383
383,384,397
398,397,384
384,385,398
399,398,385
385,386,399
400,399,386
386,387,400
401,400,387
387,388,401
402,401,388
388,389,402
403,402,389
389,390,403
404,403,390
390,391,404
405,404,391
391,392,405
406,405,392
392,393,406
407,406,393
393,394,407
408,407,394
394,395,408
409,408,395
395,396,409
62,409,396
396,63,62
65,397,66
410,66,397
397,398,410
411,410,398
398,399,411
412,411,399
399,400,412
413,412,400
400,401,413
414,413,401
401,402,414
415,414,402
402,403,415
416,415,403
403,404,416
417,416,404
404,405,417
418,417,405
405,406,418
419,418,406
406,407,419
420,419,407
407,408,420
421,420,408
408,409,421
61,421,409
409,62,61
66,410,67
422,67,410
410,411,422
423,422,411
411,412,423
424,423,412
412,413,424
425,424,413
413,414,425
426,425,414
414,415,426
427,426,415
415,416,427
428,427,416
416,417,428
429,428,417
417,418,429
430,429,418
418,419,430
431,430,419
419,420,431
432,431,420
420,421,432
60,432,421
421,61,60
67,422,68
433,68,422
422,423,433
434,433,423
423,424,434
435,434,424
424,425,435
436,435,425
425,426,436
437,436,426
426,427,437
438,437,427
427,428,438
439,438,428
428,429,439
440,439,429
429,430,440
441,440,430
430,431,441
442,441,431
431,432,442
59,442,432
432,60,59
68,433,69
443,69,433
433,434,443
444,443,434
434,435,444
445,444,435
435,436,445
446,445,436
436,437,446
447,446,437
437,438,447
448,447,438
438,439,448
449,448,439
439,440,449
450,449,440
440,441,450
451,450,441
441,442,451
58,451,442
442,59,58
69,443,70
452,70,443
443,444,452
453,452,444
444,445,453
454,453,445
445,446,454
455,454,446
446,447,455
456,455,447
447,448,456
457,456,448
448,449,457
458,457,449
449,450,458
459,458,450
450,451,459
57,459,451
451,58,57
70,452,71
460,71,452
452,453,460
461,460,453
453,454,461
462,461,454
454,455,462
463,462,455
455,456,463
464,463,456
456,457,464
465,464,457
457,458,465
466,465,458
458,459,466
56,466,459
459,57,56
71,460,72
467,72,460
460,461,467
468,467,461
461,462,468
469,468,462
462,463,469
470,469,463
463,464,470
471,470,464
464,465,471
472,471,465
465,466,472
55,472,466
466,56,55
72,467,73
473,73,467
467,468,473
474,473,468
468,469,474
475,474,469
469,470,475
476,475,470
470,471,476
477,476,471
471,472,477
54,477,472
472,55,54
73,473,74
478,74,473
473,474,478
479,478,474
474,475,479
480,479,475
475,476,480
481,480,476
476,477,481
53,481,477
477,54,53
74,478,75
482,75,478
478,479,482
483,482,479
479,480,483
484,483,480
480,481,484
52,484,481
481,53,52
75,482,76
485,76,482
482,483,485
486,485,483
483,484,486
51,486,484
484,52,51
76,485,77
487,77,485
485,486,487
50,487,486
486,51,50
77,487,78
49,78,487
487,50,49
78,49,48
79,112,111
488,111,112
112,113,488
489,488,113
113,114,489
490,489,114
114,115,490
491,490,115
115,116,491
492,491,116
116,117,492
493,492,117
117,118,493
494,493,118
118,119,494
495,494,119
119,120,495
496,495,120
120,121,496
497,496,121
121,122,497
498,497,122
122,123,498
499,498,123
123,124,499
500,499,124
124,125,500
501,500,125
125,126,501
82,501,126
126,80,82
111,488,110
502,110,488
488,489,502
503,502,489
489,490,503
504,503,490
490,491,504
505,504,491
491,492,505
506,505,492
492,493,506
507,506,493
493,494,507
508,507,494
494,495,508
509,508,495
495,496,509
510,509,496
496,497,510
511,510,497
497,498,511
512,511,498
498,499,512
513,512,499
499,500,513
514,513,500
500,501,514
83,514,501
501,82,83
110,502,109
515,109,502
502,503,515
516,515,503
503,504,516
517,516,504
504,505,517
518,517,505
505,506,518
519,518,506
506,507,519
520,519,507
507,508,520
521,520,508
508,509,521
522,521,509
509,510,522
523,522,510
510,511,523
524,523,511
511,512,524
525,524,512
512,513,525
526,525,513
513,514,526
84,526,514
514,83,84
109,515,108
527,108,515
515,516,527
528,527,516
516,517,528
529,528,517
517,518,529
530,529,518
518,519,530
531,530,519
519,520,531
532,531,520
520,521,532
533,532,521
521,522,533
534,533,522
522,523,534
535,534,523
523,524,535
536,535,524
524,525,536
537,536,525
525,526,537
85,537,526
526,84,85
108,527,107
538,107,527
527,528,538
539,538,528
528,529,539
540,539,529
529,530,540
541,540,530
530,531,541
542,541,531
531,532,542
543,542,532
532,533,543
544,543,533
533,534,544
545,544,534
534,535,545
546,545,535
535,536,546
547,546,536
536,537,547
86,547,537
537,85,86
107,538,106
548,106,538
538,539,548
549,548,539
539,540,549
550,549,540
540,541,550
551,550,541
541,542,551
552,551,542
542,543,552
553,552,543
543,544,553
554,553,544
544,545,554
555,554,545
545,546,555
556,555,546
546,547,556
87,556,547
547,86,87
106,548,105
557,105,548
548,549,557
558,557,549
549,550,558
559,558,550
550,551,559
560,559,551
551,552,560
561,560,552
552,553,561
562,561,553
553,554,562
563,562,554
554,555,563
564,563,555
555,556,564
88,564,556
556,87,88
105,557,104
565,104,557
557,558,565
566,565,558
558,559,566
567,566,559
559,560,567
568,567,560
560,561,568
569,568,561
561,562,569
570,569,562
562,563,570
571,570,563
563,564,571
89,571,564
564,88,89
104,565,103
572,103,565
565,566,572
573,572,566
566,567,573
574,573,567
567,568,574
575,574,568
568,569,575
576,575,569
569,570,576
577,576,570
570,571,577
90,577,571
571,89,90
103,572,102
578,102,572
572,573,578
579,578,573
573,574,579
580,579,574
574,575,580
581,580,575
575,576,581
582,581,576
576,577,582
91,582,577
577,90,91
102,578,101
583,101,578
578,579,583
584,583,579
579,580,584
585,584,580
580,581,585
586,585,581
581,582,586
92,586,582
582,91,92
101,583,100
587,100,583
583,584,587
588,587,584
584,585,588
589,588,585
585,586,589
93,589,586
586,92,93
100,587,99
590,99,587
587,588,590
591,590,588
588,589,591
94,591,589
589,93,94
99,590,98
592,98,590
590,591,592
95,592,591
591,94,95
98,592,97
96,97,592
592,95,96
97,96,81
79,111,143
593,143,111
111,110,593
594,593,110
110,109,594
595,594,109
109,108,595
596,595,108
108,107,596
597,596,107
107,106,597
598,597,106
106,105,598
599,598,105
105,104,599
600,599,104
104,103,600
601,600,103
103,102,601
602,601,102
102,101,602
603,602,101
101,100,603
604,603,100
100,99,604
605,604,99
99,98,605
606,605,98
98,97,606
142,606,97
97,81,142
143,593,144
607,144,593
593,594,607
608,607,594
594,595,608
609,608,595
595,596,609
610,609,596
596,597,610
611,610,597
597,598,611
612,611,598
598,599,612
613,612,599
599,600,613
614,613,600
600,601,614
615,614,601
601,602,615
616,615,602
602,603,616
617,616,603
603,604,617
618,617,604
604,605,618
619,618,605
605,606,619
141,619,606
606,142,141
144,607,145
620,145,607
607,608,620
621,620,608
608,609,621
622,621,609
609,610,622
623,622,610
610,611,623
624,623,611
611,612,624
625,624,612
612,613,625
626,625,613
613,614,626
627,626,614
614,615,627
628,627,615
615,616,628
629,628,616
616,617,629
630,629,617
617,618,630
631,630,618
618,619,631
140,631,619
619,141,140
145,620,146
632,146,620
620,621,632
633,632,621
621,622,633
634,633,622
622,623,634
635,634,623
623,624,635
636,635,624
624,625,636
637,636,625
625,626,637
638,637,626
626,627,638
639,638,627
627,628,639
640,639,628
628,629,640
641,640,629
629,630,641
642,641,630
630,631,642
139,642,631
631,140,139
146,632,147
643,147,632
632,633,643
644,643,633
633,634,644
645,644,634
634,635,645
646,645,635
635,636,646
647,646,636
636,637,647
648,647,637
637,638,648
649,648,638
638,639,649
650,649,639
639,640,650
651,650,640
640,641,651
652,651,641
641,642,652
138,652,642
642,139,138
147,643,148
653,148,643
643,644,653
654,653,644
644,645,654
655,654,645
645,646,655
656,655,646
646,647,656
657,656,647
647,648,657
658,657,648
648,649,658
659,658,649
649,650,659
660,659,650
650,651,660
661,660,651
651,652,661
137,661,652
652,138,137
148,653,149
662,149,653
653,654,662
663,662,654
654,655,663
664,663,655
655,656,664
665,664,656
656,657,665
666,665,657
657,658,666
667,666,658
658,659,667
668,667,659
659,660,668
669,668,660
660,661,669
136,669,661
661,137,136
149,662,150
670,150,662
662,663,670
671,670,663
663,664,671
672,671,664
664,665,672
673,672,665
665,666,673
674,673,666
666,667,674
675,674,667
667,668,675
676,675,668
668,669,676
135,676,669
669,136,135
150,670,151
677,151,670
670,671,677
678,677,671
671,672,678
679,678,672
672,673,679
680,679,673
673,674,680
681,680,674
674,675,681
682,681,675
675,676,682
134,682,676
676,135,134
151,677,152
683,152,677
677,678,683
684,683,678
678,679,684
685,684,679
679,680,685
686,685,680
680,681,686
687,686,681
681,682,687
133,687,682
682,134,133
152,683,153
688,153,683
683,684,688
689,688,684
684,685,689
690,689,685
685,686,690
691,690,686
686,687,691
132,691,687
687,133,132
153,688,154
692,154,688
688,689,692
693,692,689
689,690,693
694,693,690
690,691,694
131,694,691
691,132,131
154,692,155
695,155,692
692,693,695
696,695,693
693,694,696
130,696,694
694,131,130
155,695,156
697,156,695
695,696,697
129,697,696
696,130,129
156,697,157
128,157,697
697,129,128
157,128,127
2,64,187
698,187,64
64,65,698
699,698,65
65,66,699
700,699,66
66,67,700
701,700,67
67,68,701
702,701,68
68,69,702
703,702,69
69,70,703
704,703,70
70,71,704
705,704,71
71,72,705
706,705,72
72,73,706
707,706,73
73,74,707
708,707,74
74,75,708
709,708,75
75,76,709
710,709,76
76,77,710
711,710,77
77,78,711
158,711,78
78,48,158
187,698,186
712,186,698
698,699,712
713,712,699
699,700,713
714,713,700
700,701,714
715,714,701
701,702,715
716,715,702
702,703,716
717,716,703
703,704,717
718,717,704
704,705,718
719,718,705
705,706,719
720,719,706
706,707,720
721,720,707
707,708,721
722,721,708
708,709,722
723,722,709
709,710,723
724,723,710
710,711,724
159,724,711
711,158,159
186,712,185
725,185,712
712,713,725
726,725,713
713,714,726
727,726,714
714,715,727
728,727,715
715,716,728
729,728,716
716,717,729
730,729,717
717,718,730
731,730,718
718,719,731
732,731,719
719,720,732
733,732,720
720,721,733
734,733,721
721,722,734
735,734,722
722,723,735
736,735,723
723,724,736
160,736,724
724,159,160
185,725,184
737,184,725
725,726,737
738,737,726
726,727,738
739,738,727
727,728,739
740,739,728
728,729,740
741,740,729
729,730,741
742,741,730
730,731,742
743,742,731
731,732,743
744,743,732
732,733,744
745,744,733
733,734,745
746,745,734
734,735,746
747,746,735
735,736,747
161,747,736
736,160,161
184,737,183
748,183,737
737,738,748
749,748,738
738,739,749
750,749,739
739,740,750
751,750,740
740,741,751
752,751,741
741,742,752
753,752,742
742,743,753
754,753,743
743,744,754
755,754,744
744,745,755
756,755,745
745,746,756
757,756,746
746,747,757
162,757,747
747,161,162
183,748,182
758,182,748
748,749,758
759,758,749
749,750,759
760,759,750
750,751,760
761,760,751
751,752,761
762,761,752
752,753,762
763,762,753
753,754,763
764,763,754
754,755,764
765,764,755
755,756,765
766,765,756
756,757,766
163,766,757
757,162,163
182,758,181
767,181,758
758,759,767
768,767,759
759,760,768
769,768,760
760,761,769
770,769,761
761,762,770
771,770,762
762,763,771
772,771,763
763,764,772
773,772,764
764,765,773
774,773,765
765,766,774
164,774,766
766,163,164
181,767,180
775,180,767
767,768,775
776,775,768
768,769,776
777,776,769
769,770,777
778,777,770
770,771,778
779,778,771
771,772,779
780,779,772
772,773,780
781,780,773
773,774,781
165,781,774
774,164,165
180,775,179
782,179,775
775,776,782
783,782,776
776,777,783
784,783,777
777,778,784
785,784,778
778,779,785
786,785,779
779,780,786
787,786,780
780,781,787
166,787,781
781,165,166
179,782,178
788,178,782
782,783,788
789,788,783
783,784,789
790,789,784
784,785,790
791,790,785
785,786,791
792,791,786
786,787,792
167,792,787
787,166,167
178,788,177
793,177,788
788,789,793
794,793,789
789,790,794
795,794,790
790,791,795
796,795,791
791,792,796
168,796,792
792,167,168
177,793,176
797,176,793
793,794,797
798,797,794
794,795,798
799,798,795
795,796,799
169,799,796
796,168,169
176,797,175
800,175,797
797,798,800
801,800,798
798,799,801
170,801,799
799,169,170
175,800,174
802,174,800
800,801,802
171,802,801
801,170,171
174,802,173
172,173,802
802,171,172
173,172,127
2,187,188
803,188,187
187,186,803
804,803,186
186,185,804
805,804,185
185,184,805
806,805,184
184,183,806
807,806,183
183,182,807
808,807,182
182,181,808
809,808,181
181,180,809
810,809,180
180,179,810
811,810,179
179,178,811
812,811,178
178,177,812
813,812,177
177,176,813
814,813,176
176,175,814
815,814,175
175,174,815
816,815,174
174,173,816
128,816,173
173,127,128
188,803,189
817,189,803
803,804,817
818,817,804
804,805,818
819,818,805
805,806,819
820,819,806
806,807,820
821,820,807
807,808,821
822,821,808
808,809,822
823,822,809
809,810,823
824,823,810
810,811,824
825,824,811
811,812,825
826,825,812
812,813,826
827,826,813
813,814,827
828,827,814
814,815,828
829,828,815
815,816,829
129,829,816
816,128,129
189,817,190
830,190,817
817,818,830
831,830,818
818,819,831
832,831,819
819,820,832
833,832,820
820,821,833
834,833,821
821,822,834
835,834,822
822,823,835
836,835,823
823,824,836
837,836,824
824,825,837
838,837,825
825,826,838
839,838,826
826,827,839
840,839,827
827,828,840
841,840,828
828,829,841
130,841,829
829,129,130
190,830,191
842,191,830
830,831,842
843,842,831
831,832,843
844,843,832
832,833,844
845,844,833
833,834,845
846,845,834
834,835,846
847,846,835
835,836,847
848,847,836
836,837,848
849,848,837
837,838,849
850,849,838
838,839,850
851,850,839
839,840,851
852,851,840
840,841,852
131,852,841
841,130,131
191,842,192
853,192,842
842,843,853
854,853,843
843,844,854
855,854,844
844,845,855
856,855,845
845,846,856
857,856,846
846,847,857
858,857,847
847,848,858
859,858,848
848,849,859
860,859,849
849,850,860
861,860,850
850,851,861
862,861,851
851,852,862
132,862,852
852,131,132
192,853,193
863,193,853
853,854,863
864,863,854
854,855,864
865,864,855
855,856,865
866,865,856
856,857,866
867,866,857
857,858,867
868,867,858
858,859,868
869,868,859
859,860,869
870,869,860
860,861,870
871,870,861
861,862,871
133,871,862
862,132,133
193,863,194
872,194,863
863,864,872
873,872,864
864,865,873
874,873,865
865,866,874
875,874,866
866,867,875
876,875,867
867,868,876
877,876,868
868,869,877
878,877,869
869,870,878
879,878,870
870,871,879
134,879,871
871,133,134
194,872,195
880,195,872
872,873,880
881,880,873
873,874,881
882,881,874
874,875,882
883,882,875
875,876,883
884,883,876
876,877,884
885,884,877
877,878,885
886,885,878
878,879,886
135,886,879
879,134,135
195,880,196
887,196,880
880,881,887
888,887,881
881,882,888
889,888,882
882,883,889
890,889,883
883,884,890
891,890,884
884,885,891
892,891,885
885,886,892
136,892,886
886,135,136
196,887,197
893,197,887
887,888,893
894,893,888
888,889,894
895,894,889
889,890,895
896,895,890
890,891,896
897,896,891
891,892,897
137,897,892
892,136,137
197,893,198
898,198,893
893,894,898
899,898,894
894,895,899
900,899,895
895,896,900
901,900,896
896,897,901
138,901,897
897,137,138
198,898,199
902,199,898
898,899,902
903,902,899
899,900,903
904,903,900
900,901,904
139,904,901
901,138,139
199,902,200
905,200,902
902,903,905
906,905,903
903,904,906
140,906,904
904,139,140
200,905,201
907,201,905
905,906,907
141,907,906
906,140,141
201,907,202
142,202,907
907,141,142
202,142,81
79,218,217
908,217,218
218,219,908
909,908,219
219,220,909
910,909,220
220,221,910
911,910,221
221,222,911
912,911,222
222,223,912
913,912,223
223,224,913
914,913,224
224,225,914
915,914,225
225,226,915
916,915,226
226,227,916
917,916,227
227,228,917
918,917,228
228,229,918
919,918,229
229,230,919
920,919,230
230,231,920
921,920,231
231,232,921
47,921,232
232,1,47
217,908,216
922,216,908
908,909,922
923,922,909
909,910,923
924,923,910
910,911,924
925,924,911
911,912,925
926,925,912
912,913,926
927,926,913
913,914,927
928,927,914
914,915,928
929,928,915
915,916,929
930,929,916
916,917,930
931,930,917
917,918,931
932,931,918
918,919,932
933,932,919
919,920,933
934,933,920
920,921,934
46,934,921
921,47,46
216,922,215
935,215,922
922,923,935
936,935,923
923,924,936
937,936,924
924,925,937
938,937,925
925,926,938
939,938,926
926,927,939
940,939,927
927,928,940
941,940,928
928,929,941
942,941,929
929,930,942
943,942,930
930,931,943
944,943,931
931,932,944
945,944,932
932,933,945
946,945,933
933,934,946
45,946,934
934,46,45
215,935,214
947,214,935
935,936,947
948,947,936
936,937,948
949,948,937
937,938,949
950,949,938
938,939,950
951,950,939
939,940,951
952,951,940
940,941,952
953,952,941
941,942,953
954,953,942
942,943,954
955,954,943
943,944,955
956,955,944
944,945,956
957,956,945
945,946,957
44,957,946
946,45,44
214,947,213
958,213,947
947,948,958
959,958,948
948,949,959
960,959,949
949,950,960
961,960,950
950,951,961
962,961,951
951,952,962
963,962,952
952,953,963
964,963,953
953,954,964
965,964,954
954,955,965
966,965,955
955,956,966
967,966,956
956,957,967
43,967,957
957,44,43
213,958,212
968,212,958
958,959,968
969,968,959
959,960,969
970,969,960
960,961,970
971,970,961
961,962,971
972,971,962
962,963,972
973,972,963
963,964,973
974,973,964
964,965,974
975,974,965
965,966,975
976,975,966
966,967,976
42,976,967
967,43,42
212,968,211
977,211,968
968,969,977
978,977,969
969,970,978
979,978,970
970,971,979
980,979,971
971,972,980
981,980,972
972,973,981
982,981,973
973,974,982
983,982,974
974,975,983
984,983,975
975,976,984
41,984,976
976,42,41
211,977,210
985,210,977
977,978,985
986,985,978
978,979,986
987,986,979
979,980,987
988,987,980
980,981,988
989,988,981
981,982,989
990,989,982
982,983,990
991,990,983
983,984,991
40,991,984
984,41,40
210,985,209
992,209,985
985,986,992
993,992,986
986,987,993
994,993,987
987,988,994
995,994,988
988,989,995
996,995,989
989,990,996
997,996,990
990,991,997
39,997,991
991,40,39
209,992,208
998,208,992
992,993,998
999,998,993
993,994,999
1000,999,994
994,995,1000
1001,1000,995
995,996,1001
1002,1001,996
996,997,1002
38,1002,997
997,39,38
208,998,207
1003,207,998
998,999,1003
1004,1003,999
999,1000,1004
1005,1004,1000
1000,1001,1005
1006,1005,1001
1001,1002,1006
37,1006,1002
1002,38,37
207,1003,206
1007,206,1003
1003,1004,1007
1008,1007,1004
1004,1005,1008
1009,1008,1005
1005,1006,1009
36,1009,1006
1006,37,36
206,1007,205
1010,205,1007
1007,1008,1010
1011,1010,1008
1008,1009,1011
35,1011,1009
1009,36,35
205,1010,204
1012,204,1010
1010,1011,1012
34,1012,1011
1011,35,34
204,1012,203
33,203,1012
1012,34,33
203,33,0
79,217,112
1013,112,217
217,216,1013
1014,1013,216
216,215,1014
1015,1014,215
215,214,1015
1016,1015,214
214,213,1016
1017,1016,213
213,212,1017
1018,1017,212
212,211,1018
1019,1018,211
211,210,1019
1020,1019,210
210,209,1020
1021,1020,209
209,208,1021
1022,1021,208
208,207,1022
1023,1022,207
207,206,1023
1024,1023,206
206,205,1024
1025,1024,205
205,204,1025
1026,1025,204
204,203,1026
247,1026,203
203,0,247
112,1013,113
1027,113,1013
1013,1014,1027
1028,1027,1014
1014,1015,1028
1029,1028,1015
1015,1016,1029
1030,1029,1016
1016,1017,1030
1031,1030,1017
1017,1018,1031
1032,1031,1018
1018,1019,1032
1033,1032,1019
1019,1020,1033
1034,1033,1020
1020,1021,1034
1035,1034,1021
1021,1022,1035
1036,1035,1022
1022,1023,1036
1037,1036,1023
1023,1024,1037
1038,1037,1024
1024,1025,1038
1039,1038,1025
1025,1026,1039
246,1039,1026
1026,247,246
113,1027,114
1040,114,1027
1027,1028,1040
1041,1040,1028
1028,1029,1041
1042,1041,1029
1029,1030,1042
1043,1042,1030
1030,1031,1043
1044,1043,1031
1031,1032,1044
1045,1044,1032
1032,1033,1045
1046,1045,1033
1033,1034,1046
1047,1046,1034
1034,1035,1047
1048,1047,1035
1035,1036,1048
1049,1048,1036
1036,1037,1049
1050,1049,1037
1037,1038,1050
1051,1050,1038
1038,1039,1051
245,1051,1039
1039,246,245
114,1040,115
1052,115,1040
1040,1041,1052
1053,1052,1041
1041,1042,1053
1054,1053,1042
1042,1043,1054
1055,1054,1043
1043,1044,1055
1056,1055,1044
1044,1045,1056
1057,1056,1045
1045,1046,1057
1058,1057,1046
1046,1047,1058
1059,1058,1047
1047,1048,1059
1060,1059,1048
1048,1049,1060
1061,1060,1049
1049,1050,1061
1062,1061,1050
1050,1051,1062
244,1062,1051
1051,245,244
115,1052,116
1063,116,1052
1052,1053,1063
1064,1063,1053
1053,1054,1064
1065,1064,1054
1054,1055,1065
1066,1065,1055
1055,1056,1066
1067,1066,1056
1056,1057,1067
1068,1067,1057
1057,1058,1068
1069,1068,1058
1058,1059,1069
1070,1069,1059
1059,1060,1070
1071,1070,1060
1060,1061,1071
1072,1071,1061
1061,1062,1072
243,1072,1062
1062,244,243
116,1063,117
1073,117,1063
1063,1064,1073
1074,1073,1064
1064,1065,1074
1075,1074,1065
1065,1066,1075
1076,1075,1066
1066,1067,1076
1077,1076,1067
1067,1068,1077
1078,1077,1068
1068,1069,1078
1079,1078,1069
1069,1070,1079
1080,1079,1070
1070,1071,1080
1081,1080,1071
1071,1072,1081
242,1081,1072
1072,243,242
117,1073,118
1082,118,1073
1073,1074,1082
1083,1082,1074
1074,1075,1083
1084,1083,1075
1075,1076,1084
1085,1084,1076
1076,1077,1085
1086,1085,1077
1077,1078,1086
1087,1086,1078
1078,1079,1087
1088,1087,1079
1079,1080,1088
1089,1088,1080
1080,1081,1089
241,1089,1081
1081,242,241
118,1082,119
1090,119,1082
1082,1083,1090
1091,1090,1083
1083,1084,1091
1092,1091,1084
1084,1085,1092
1093,1092,1085
1085,1086,1093
1094,1093,1086
1086,1087,1094
1095,1094,1087
1087,1088,1095
1096,1095,1088
1088,1089,1096
240,1096,1089
1089,241,240
119,1090,120
1097,120,1090
1090,1091,1097
1098,1097,1091
1091,1092,1098
1099,1098,1092
1092,1093,1099
1100,1099,1093
1093,1094,1100
1101,1100,1094
1094,1095,1101
1102,1101,1095
1095,1096,1102
239,1102,1096
1096,240,239
120,1097,121
1103,121,1097
1097,1098,1103
1104,1103,1098
1098,1099,1104
1105,1104,1099
1099,1100,1105
1106,1105,1100
1100,1101,1106
1107,1106,1101
1101,1102,1107
238,1107,1102
1102,239,238
121,1103,122
1108,122,1103
1103,1104,1108
1109,1108,1104
1104,1105,1109
1110,1109,1105
1105,1106,1110
1111,1110,1106
1106,1107,1111
237,1111,1107
1107,238,237
122,1108,123
1112,123,1108
1108,1109,1112
1113,1112,1109
1109,1110,1113
1114,1113,1110
1110,1111,1114
236,1114,1111
1111,237,236
123,1112,124
1115,124,1112
1112,1113,1115
1116,1115,1113
1113,1114,1116
235,1116,1114
1114,236,235
124,1115,125
1117,125,1115
1115,1116,1117
234,1117,1116
1116,235,234
125,1117,126
233,126,1117
1117,234,233
126,233,80
1,248,63
1118,63,248
248,249,1118
1119,1118,249
249,250,1119
1120,1119,250
250,251,1120
1121,1120,251
251,252,1121
1122,1121,252
252,253,1122
1123,1122,253
253,254,1123
1124,1123,254
254,255,1124
1125,1124,255
255,256,1125
1126,1125,256
256,257,1126
1127,1126,257
257,258,1127
1128,1127,258
258,259,1128
1129,1128,259
259,260,1129
1130,1129,260
260,261,1130
1131,1130,261
261,262,1131
172,1131,262
262,127,172
63,1118,62
1132,62,1118
1118,1119,1132
1133,1132,1119
1119,1120,1133
1134,1133,1120
1120,1121,1134
1135,1134,1121
1121,1122,1135
1136,1135,1122
1122,1123,1136
1137,1136,1123
1123,1124,1137
1138,1137,1124
1124,1125,1138
1139,1138,1125
1125,1126,1139
1140,1139,1126
1126,1127,1140
1141,1140,1127
1127,1128,1141
1142,1141,1128
1128,1129,1142
1143,1142,1129
1129,1130,1143
1144,1143,1130
1130,1131,1144
171,1144,1131
1131,172,171
62,1132,61
1145,61,1132
1132,1133,1145
1146,1145,1133
1133,1134,1146
1147,1146,1134
1134,1135,1147
1148,1147,1135
1135,1136,1148
1149,1148,1136
1136,1137,1149
1150,1149,1137
1137,1138,1150
1151,1150,1138
1138,1139,1151
1152,1151,1139
1139,1140,1152
1153,1152,1140
1140,1141,1153
1154,1153,1141
1141,1142,1154
1155,1154,1142
1142,1143,1155
1156,1155,1143
1143,1144,1156
170,1156,1144
1144,171,170
61,1145,60
1157,60,1145
1145,1146,1157
1158,1157,1146
1146,1147,1158
1159,1158,1147
1147,1148,1159
1160,1159,1148
1148,1149,1160
1161,1160,1149
1149,1150,1161
1162,1161,1150
1150,1151,1162
1163,1162,1151
1151,1152,1163
1164,1163,1152
1152,1153,1164
1165,1164,1153
1153,1154,1165
1166,1165,1154
1154,1155,1166
1167,1166,1155
1155,1156,1167
169,1167,1156
1156,170,169
60,1157,59
1168,59,1157
1157,1158,1168
1169,1168,1158
1158,1159,1169
1170,1169,1159
1159,1160,1170
1171,1170,1160
1160,1161,1171
1172,1171,1161
1161,1162,1172
1173,1172,1162
1162,1163,1173
1174,1173,1163
1163,1164,1174
1175,1174,1164
1164,1165,1175
1176,1175,1165
1165,1166,1176
1177,1176,1166
1166,1167,1177
168,1177,1167
1167,169,168
59,1168,58
1178,58,1168
1168,1169,1178
1179,1178,1169
1169,1170,1179
1180,1179,1170
1170,1171,1180
1181,1180,1171
1171,1172,1181
1182,1181,1172
1172,1173,1182
1183,1182,1173
1173,1174,1183
1184,1183,1174
1174,1175,1184
1185,1184,1175
1175,1176,1185
1186,1185,1176
1176,1177,1186
167,1186,1177
1177,168,167
58,1178,57
1187,57,1178
1178,1179,1187
1188,1187,1179
1179,1180,1188
1189,1188,1180
1180,1181,1189
1190,1189,1181
1181,1182,1190
1191,1190,1182
1182,1183,1191
1192,1191,1183
1183,1184,1192
1193,1192,1184
1184,1185,1193
1194,1193,1185
1185,1186,1194
166,1194,1186
1186,167,166
57,1187,56
1195,56,1187
1187,1188,1195
1196,1195,1188
1188,1189,1196
1197,1196,1189
1189,1190,1197
1198,1197,1190
1190,1191,1198
1199,1198,1191
1191,1192,1199
1200,1199,1192
1192,1193,1200
1201,1200,1193
1193,1194,1201
165,1201,1194
1194,166,165
56,1195,55
1202,55,1195
1195,1196,1202
1203,1202,1196
1196,1197,1203
1204,1203,1197
1197,1198,1204
1205,1204,1198
1198,1199,1205
1206,1205,1199
1199,1200,1206
1207,1206,1200
1200,1201,1207
164,1207,1201
1201,165,164
55,1202,54
1208,54,1202
1202,1203,1208
1209,1208,1203
1203,1204,1209
1210,1209,1204
1204,1205,1210
1211,1210,1205
1205,1206,1211
1212,1211,1206
1206,1207,1212
163,1212,1207
1207,164,163
54,1208,53
1213,53,1208
1208,1209,1213
1214,1213,1209
1209,1210,1214
1215,1214,1210
1210,1211,1215
1216,1215,1211
1211,1212,1216
162,1216,1212
1212,163,162
53,1213,52
1217,52,1213
1213,1214,1217
1218,1217,1214
1214,1215,1218
1219,1218,1215
1215,1216,1219
161,1219,1216
1216,162,161
52,1217,51
1220,51,1217
1217,1218,1220
1221,1220,1218
1218,1219,1221
160,1221,1219
1219,161,160
51,1220,50
1222,50,1220
1220,1221,1222
159,1222,1221
1221,160,159
50,1222,49
158,49,1222
1222,159,158
49,158,48
79,143,218
1223,218,143
143,144,1223
1224,1223,144
144,145,1224
1225,1224,145
145,146,1225
1226,1225,146
146,147,1226
1227,1226,147
147,148,1227
1228,1227,148
148,149,1228
1229,1228,149
149,150,1229
1230,1229,150
150,151,1230
1231,1230,151
151,152,1231
1232,1231,152
152,153,1232
1233,1232,153
153,154,1233
1234,1233,154
154,155,1234
1235,1234,155
155,156,1235
1236,1235,156
156,157,1236
262,1236,157
157,127,262
218,1223,219
1237,219,1223
1223,1224,1237
1238,1237,1224
1224,1225,1238
1239,1238,1225
1225,1226,1239
1240,1239,1226
1226,1227,1240
1241,1240,1227
1227,1228,1241
1242,1241,1228
1228,1229,1242
1243,1242,1229
1229,1230,1243
1244,1243,1230
1230,1231,1244
1245,1244,1231
1231,1232,1245
1246,1245,1232
1232,1233,1246
1247,1246,1233
1233,1234,1247
1248,1247,1234
1234,1235,1248
1249,1248,1235
1235,1236,1249
261,1249,1236
1236,262,261
219,1237,220
1250,220,1237
1237,1238,1250
1251,1250,1238
1238,1239,1251
1252,1251,1239
1239,1240,1252
1253,1252,1240
1240,1241,1253
1254,1253,1241
1241,1242,1254
1255,1254,1242
1242,1243,1255
1256,1255,1243
1243,1244,1256
1257,1256,1244
1244,1245,1257
1258,1257,1245
1245,1246,1258
1259,1258,1246
1246,1247,1259
1260,1259,1247
1247,1248,1260
1261,1260,1248
1248,1249,1261
260,1261,1249
1249,261,260
220,1250,221
1262,221,1250
1250,1251,1262
1263,1262,1251
1251,1252,1263
1264,1263,1252
1252,1253,1264
1265,1264,1253
1253,1254,1265
1266,1265,1254
1254,1255,1266
1267,1266,1255
1255,1256,1267
1268,1267,1256
1256,1257,1268
1269,1268,1257
1257,1258,1269
1270,1269,1258
1258,1259,1270
1271,1270,1259
1259,1260,1271
1272,1271,1260
1260,1261,1272
259,1272,1261
1261,260,259
221,1262,222
1273,222,1262
1262,1263,1273
1274,1273,1263
1263,1264,1274
1275,1274,1264
1264,1265,1275
1276,1275,1265
1265,1266,1276
1277,1276,1266
1266,1267,1277
1278,1277,1267
1267,1268,1278
1279,1278,1268
1268,1269,1279
1280,1279,1269
1269,1270,1280
1281,1280,1270
1270,1271,1281
1282,1281,1271
1271,1272,1282
258,1282,1272
1272,259,258
222,1273,223
1283,223,1273
1273,1274,1283
1284,1283,1274
1274,1275,1284
1285,1284,1275
1275,1276,1285
1286,1285,1276
1276,1277,1286
1287,1286,1277
1277,1278,1287
1288,1287,1278
1278,1279,1288
1289,1288,1279
1279,1280,1289
1290,1289,1280
1280,1281,1290
1291,1290,1281
1281,1282,1291
257,1291,1282
1282,258,257
223,1283,224
1292,224,1283
1283,1284,1292
1293,1292,1284
1284,1285,1293
1294,1293,1285
1285,1286,1294
1295,1294,1286
1286,1287,1295
1296,1295,1287
1287,1288,1296
1297,1296,1288
1288,1289,1297
1298,1297,1289
1289,1290,1298
1299,1298,1290
1290,1291,1299
256,1299,1291
1291,257,256
224,1292,225
1300,225,1292
1292,1293,1300
1301,1300,1293
1293,1294,1301
1302,1301,1294
1294,1295,1302
1303,1302,1295
1295,1296,1303
1304,1303,1296
1296,1297,1304
1305,1304,1297
1297,1298,1305
1306,1305,1298
1298,1299,1306
255,1306,1299
1299,256,255
225,1300,226
1307,226,1300
1300,1301,1307
1308,1307,1301
1301,1302,1308
1309,1308,1302
1302,1303,1309
1310,1309,1303
1303,1304,1310
1311,1310,1304
1304,1305,1311
1312,1311,1305
1305,1306,1312
254,1312,1306
1306,255,254
226,1307,227
1313,227,1307
1307,1308,1313
1314,1313,1308
1308,1309,1314
1315,1314,1309
1309,1310,1315
1316,1315,1310
1310,1311,1316
1317,1316,1311
1311,1312,1317
253,1317,1312
1312,254,253
227,1313,228
1318,228,1313
1313,1314,1318
1319,1318,1314
1314,1315,1319
1320,1319,1315
1315,1316,1320
1321,1320,1316
1316,1317,1321
252,1321,1317
1317,253,252
228,1318,229
1322,229,1318
1318,1319,1322
1323,1322,1319
1319,1320,1323
1324,1323,1320
1320,1321,1324
251,1324,1321
1321,252,251
229,1322,230
1325,230,1322
1322,1323,1325
1326,1325,1323
1323,1324,1326
250,1326,1324
1324,251,250
230,1325,231
1327,231,1325
1325,1326,1327
249,1327,1326
1326,250,249
231,1327,232
248,232,1327
1327,249,248
232,248,1
0,32,263
1328,263,32
32,31,1328
1329,1328,31
31,30,1329
1330,1329,30
30,29,1330
1331,1330,29
29,28,1331
1332,1331,28
28,27,1332
1333,1332,27
27,26,1333
1334,1333,26
26,25,1334
1335,1334,25
25,24,1335
1336,1335,24
24,23,1336
1337,1336,23
23,22,1337
1338,1337,22
22,21,1338
1339,1338,21
21,20,1339
1340,1339,20
20,19,1340
1341,1340,19
19,18,1341
188,1341,18
18,2,188
263,1328,264
1342,264,1328
1328,1329,1342
1343,1342,1329
1329,1330,1343
1344,1343,1330
1330,1331,1344
1345,1344,1331
1331,1332,1345
1346,1345,1332
1332,1333,1346
1347,1346,1333
1333,1334,1347
1348,1347,1334
1334,1335,1348
1349,1348,1335
1335,1336,1349
1350,1349,1336
1336,1337,1350
1351,1350,1337
1337,1338,1351
1352,1351,1338
1338,1339,1352
1353,1352,1339
1339,1340,1353
1354,1353,1340
1340,1341,1354
189,1354,1341
1341,188,189
264,1342,265
1355,265,1342
1342,1343,1355
1356,1355,1343
1343,1344,1356
1357,1356,1344
1344,1345,1357
1358,1357,1345
1345,1346,1358
1359,1358,1346
1346,1347,1359
1360,1359,1347
1347,1348,1360
1361,1360,1348
1348,1349,1361
1362,1361,1349
1349,1350,1362
1363,1362,1350
1350,1351,1363
1364,1363,1351
1351,1352,1364
1365,1364,1352
1352,1353,1365
1366,1365,1353
1353,1354,1366
190,1366,1354
1354,189,190
265,1355,266
1367,266,1355
1355,1356,1367
1368,1367,1356
1356,1357,1368
1369,1368,1357
1357,1358,1369
1370,1369,1358
1358,1359,1370
1371,1370,1359
1359,1360,1371
1372,1371,1360
1360,1361,1372
1373,1372,1361
1361,1362,1373
1374,1373,1362
1362,1363,1374
1375,1374,1363
1363,1364,1375
1376,1375,1364
1364,1365,1376
1377,1376,1365
1365,1366,1377
191,1377,1366
1366,190,191
266,1367,267
1378,267,1367
1367,1368,1378
1379,1378,1368
1368,1369,1379
1380,1379,1369
1369,1370,1380
1381,1380,1370
1370,1371,1381
1382,1381,1371
1371,1372,1382
1383,1382,1372
1372,1373,1383
1384,1383,1373
1373,1374,1384
1385,1384,1374
1374,1375,1385
1386,1385,1375
1375,1376,1386
1387,1386,1376
1376,1377,1387
192,1387,1377
1377,191,192
267,1378,268
1388,268,1378
1378,1379,1388
1389,1388,1379
1379,1380,1389
1390,1389,1380
1380,1381,1390
1391,1390,1381
1381,1382,1391
1392,1391,1382
1382,1383,1392
1393,1392,1383
1383,1384,1393
1394,1393,1384
1384,1385,1394
1395,1394,1385
1385,1386,1395
1396,1395,1386
1386,1387,1396
193,1396,1387
1387,192,193
268,1388,269
1397,269,1388
1388,1389,1397
1398,1397,1389
1389,1390,1398
1399,1398,1390
1390,1391,1399
1400,1399,1391
1391,1392,1400
1401,1400,1392
1392,1393,1401
1402,1401,1393
1393,1394,1402
1403,1402,1394
1394,1395,1403
1404,1403,1395
1395,1396,1404
194,1404,1396
1396,193,194
269,1397,270
1405,270,1397
1397,1398,1405
1406,1405,1398
1398,1399,1406
1407,1406,1399
1399,1400,1407
1408,1407,1400
1400,1401,1408
1409,1408,1401
1401,1402,1409
1410,1409,1402
1402,1403,1410
1411,1410,1403
1403,1404,1411
195,1411,1404
1404,194,195
270,1405,271
1412,271,1405
1405,1406,1412
1413,1412,1406
1406,1407,1413
1414,1413,1407
1407,1408,1414
1415,1414,1408
1408,1409,1415
1416,1415,1409
1409,1410,1416
1417,1416,1410
1410,1411,1417
196,1417,1411
1411,195,196
271,1412,272
1418,272,1412
1412,1413,1418
1419,1418,1413
1413,1414,1419
1420,1419,1414
1414,1415,1420
1421,1420,1415
1415,1416,1421
1422,1421,1416
1416,1417,1422
197,1422,1417
1417,196,197
272,1418,273
1423,273,1418
1418,1419,1423
1424,1423,1419
1419,1420,1424
1425,1424,1420
1420,1421,1425
1426,1425,1421
1421,1422,1426
198,1426,1422
1422,197,198
273,1423,274
1427,274,1423
1423,1424,1427
1428,1427,1424
1424,1425,1428
1429,1428,1425
1425,1426,1429
199,1429,1426
1426,198,199
274,1427,275
1430,275,1427
1427,1428,1430
1431,1430,1428
1428,1429,1431
200,1431,1429
1429,199,200
275,1430,276
1432,276,1430
1430,1431,1432
201,1432,1431
1431,200,201
276,1432,277
202,277,1432
1432,201,202
277,202,81
0,263,247
1433,247,263
263,264,1433
1434,1433,264
264,265,1434
1435,1434,265
265,266,1435
1436,1435,266
266,267,1436
1437,1436,267
267,268,1437
1438,1437,268
268,269,1438
1439,1438,269
269,270,1439
1440,1439,270
270,271,1440
1441,1440,271
271,272,1441
1442,1441,272
272,273,1442
1443,1442,273
273,274,1443
1444,1443,274
274,275,1444
1445,1444,275
275,276,1445
1446,1445,276
276,277,1446
96,1446,277
277,81,96
247,1433,246
1447,246,1433
1433,1434,1447
1448,1447,1434
1434,1435,1448
1449,1448,1435
1435,1436,1449
1450,1449,1436
1436,1437,1450
1451,1450,1437
1437,1438,1451
1452,1451,1438
1438,1439,1452
1453,1452,1439
1439,1440,1453
1454,1453,1440
1440,1441,1454
1455,1454,1441
1441,1442,1455
1456,1455,1442
1442,1443,1456
1457,1456,1443
1443,1444,1457
1458,1457,1444
1444,1445,1458
1459,1458,1445
1445,1446,1459
95,1459,1446
1446,96,95
246,1447,245
1460,245,1447
1447,1448,1460
1461,1460,1448
1448,1449,1461
1462,1461,1449
1449,1450,1462
1463,1462,1450
1450,1451,1463
1464,1463,1451
1451,1452,1464
1465,1464,1452
1452,1453,1465
1466,1465,1453
1453,1454,1466
1467,1466,1454
1454,1455,1467
1468,1467,1455
1455,1456,1468
1469,1468,1456
1456,1457,1469
1470,1469,1457
1457,1458,1470
1471,1470,1458
1458,1459,1471
94,1471,1459
1459,95,94
245,1460,244
1472,244,1460
1460,1461,1472
1473,1472,1461
1461,1462,1473
1474,1473,1462
1462,1463,1474
1475,1474,1463
1463,1464,1475
1476,1475,1464
1464,1465,1476
1477,1476,1465
1465,1466,1477
1478,1477,1466
1466,1467,1478
1479,1478,1467
1467,1468,1479
1480,1479,1468
1468,1469,1480
1481,1480,1469
1469,1470,1481
1482,1481,1470
1470,1471,1482
93,1482,1471
1471,94,93
244,1472,243
1483,243,1472
1472,1473,1483
1484,1483,1473
1473,1474,1484
1485,1484,1474
1474,1475,1485
1486,1485,1475
1475,1476,1486
1487,1486,1476
1476,1477,1487
1488,1487,1477
1477,1478,1488
1489,1488,1478
1478,1479,1489
1490,1489,1479
1479,1480,1490
1491,1490,1480
1480,1481,1491
1492,1491,1481
1481,1482,1492
92,1492,1482
1482,93,92
243,1483,242
1493,242,1483
1483,1484,1493
1494,1493,1484
1484,1485,1494
1495,1494,1485
1485,1486,1495
1496,1495,1486
1486,1487,1496
1497,1496,1487
1487,1488,1497
1498,1497,1488
1488,1489,1498
1499,1498,1489
1489,1490,1499
1500,1499,1490
1490,1491,1500
1501,1500,1491
1491,1492,1501
91,1501,1492
1492,92,91
242,1493,241
1502,241,1493
1493,1494,1502
1503,1502,1494
1494,1495,1503
1504,1503,1495
1495,1496,1504
1505,1504,1496
1496,1497,1505
1506,1505,1497
1497,1498,1506
1507,1506,1498
1498,1499,1507
1508,1507,1499
1499,1500,1508
1509,1508,1500
1500,1501,1509
90,1509,1501
1501,91,90
241,1502,240
1510,240,1502
1502,1503,1510
1511,1510,1503
1503,1504,1511
1512,1511,1504
1504,1505,1512
1513,1512,1505
1505,1506,1513
1514,1513,1506
1506,1507,1514
1515,1514,1507
1507,1508,1515
1516,1515,1508
1508,1509,1516
89,1516,1509
1509,90,89
240,1510,239
1517,239,1510
1510,1511,1517
1518,1517,1511
1511,1512,1518
1519,1518,1512
1512,1513,1519
1520,1519,1513
1513,1514,1520
1521,1520,1514
1514,1515,1521
1522,1521,1515
1515,1516,1522
88,1522,1516
1516,89,88
239,1517,238
1523,238,1517
1517,1518,1523
1524,1523,1518
1518,1519,1524
1525,1524,1519
1519,1520,1525
1526,1525,1520
1520,1521,1526
1527,1526,1521
1521,1522,1527
87,1527,1522
1522,88,87
238,1523,237
1528,237,1523
1523,1524,1528
1529,1528,1524
1524,1525,1529
1530,1529,1525
1525,1526,1530
1531,1530,1526
1526,1527,1531
86,1531,1527
1527,87,86
237,1528,236
1532,236,1528
1528,1529,1532
1533,1532,1529
1529,1530,1533
1534,1533,1530
1530,1531,1534
85,1534,1531
1531,86,85
236,1532,235
1535,235,1532
1532,1533,1535
1536,1535,1533
1533,1534,1536
84,1536,1534
1534,85,84
235,1535,234
1537,234,1535
1535,1536,1537
83,1537,1536
1536,84,83
234,1537,233
82,233,1537
1537,83,82
233,82,80
